0.0 0.0 -1.110223e-16 2.220446e-16 0.0 0.0 0.0 1.0
0.1044989 -0.01401751 -0.02820321 1.198998 6.5e-05 -0.000344 -0.00036 1.0
0.2077935 -0.02787365 -0.0560812 2.384181 0.000129 -0.000683 -0.000716 1.0
0.3116343 -0.0418032 -0.08410629 3.575628 0.000194 -0.001024 -0.001073 0.999999
0.415494 -0.05573543 -0.1121362 4.767291 0.000259 -0.001366 -0.001431 0.999998
0.519644 -0.06970674 -0.1402442 5.962283 0.000325 -0.001708 -0.001789 0.999997
0.6234014 -0.08362554 -0.1682458 7.152769 0.000391 -0.002049 -0.002146 0.999996
0.7273457 -0.09756958 -0.1962977 8.3454 0.000457 -0.00239 -0.002504 0.999994
0.8311796 -0.1114989 -0.2243193 9.536762 0.000523 -0.002731 -0.002861 0.999992
0.9350305 -0.1254307 -0.2523452 10.72832 0.000589 -0.003072 -0.003218 0.99999
1.038877 -0.1393621 -0.2803697 11.91983 0.000656 -0.003413 -0.003575 0.999988
1.142774 -0.1533004 -0.3084073 13.11191 0.000723 -0.003754 -0.003932 0.999985
1.246636 -0.1671408 -0.3362948 14.30348 0.000778 -0.004078 -0.004221 0.999982
1.350553 -0.181814 -0.3654237 15.49659 0.000943 -0.00455 -0.005112 0.999976
1.45441 -0.1950729 -0.3924445 16.68758 0.000915 -0.004775 -0.004976 0.999976
1.558293 -0.2081761 -0.4191514 17.88104 0.000751 -0.005072 -0.004691 0.999976
1.662157 -0.2220687 -0.4450814 19.07663 0.00055 -0.005317 -0.004522 0.999975
1.766057 -0.2372951 -0.4715143 20.27019 0.001012 -0.005662 -0.004641 0.999973
1.87009 -0.2531559 -0.4977817 21.46468 0.001533 -0.005907 -0.004513 0.999971
1.973923 -0.2707637 -0.5247441 22.65883 0.001236 -0.006314 -0.004815 0.999968
2.077874 -0.2887908 -0.5527301 23.85296 0.001172 -0.006675 -0.004933 0.999965
2.181756 -0.3071147 -0.5812326 25.04684 0.001556 -0.00713 -0.004937 0.999961
2.285652 -0.3273512 -0.6069839 26.2431 0.00139 -0.007546 -0.005068 0.999958
2.389627 -0.3472488 -0.6329432 27.44168 0.000304 -0.007903 -0.00463 0.999958
2.493488 -0.3677985 -0.6565642 28.63712 0.0002 -0.008352 -0.004307 0.999956
2.597363 -0.3892136 -0.6824261 29.8283 0.000887 -0.008757 -0.004 0.999953
2.701441 -0.4112762 -0.7087202 31.02794 0.001287 -0.009251 -0.003743 0.999949
2.806098 -0.4357161 -0.7356474 32.23193 0.001291 -0.009625 -0.003949 0.999945
2.909338 -0.4596533 -0.7632533 33.42024 0.001012 -0.009955 -0.003712 0.999943
3.013136 -0.4846981 -0.7915945 34.6148 0.000882 -0.010278 -0.003589 0.99994
3.117132 -0.509819 -0.8182722 35.81256 0.000841 -0.010525 -0.00321 0.999939
3.221 -0.5367057 -0.8457827 37.00928 0.000842 -0.010822 -0.003244 0.999936
3.32499 -0.5627412 -0.8734675 38.2069 0.000589 -0.010924 -0.002804 0.999936
3.428991 -0.5904619 -0.9001114 39.40549 -1.3e-05 -0.01088 -0.002865 0.999937
3.533061 -0.6181703 -0.9268582 40.60244 -0.000482 -0.010805 -0.003095 0.999937
3.636879 -0.6466319 -0.9531287 41.79871 -0.00027 -0.010779 -0.003494 0.999936
3.74087 -0.675668 -0.9776312 42.99592 -0.000218 -0.010726 -0.003909 0.999935
3.844868 -0.708016 -1.000412 44.19563 -0.000955 -0.010494 -0.005389 0.99993
3.948871 -0.7358613 -1.020365 45.39563 -0.002517 -0.009698 -0.005513 0.999935
4.052745 -0.7617275 -1.037444 46.59612 -0.003885 -0.008826 -0.005785 0.999937
4.156747 -0.784447 -1.051207 47.80149 -0.005535 -0.007944 -0.005916 0.999936
4.260741 -0.8050204 -1.064092 49.00454 -0.006592 -0.007295 -0.005756 0.999935
4.364619 -0.822002 -1.07385 50.20348 -0.005737 -0.006557 -0.004924 0.99995
4.46862 -0.8402902 -1.085315 51.40457 -0.004581 -0.006023 -0.005172 0.999958
4.572617 -0.859463 -1.098286 52.60583 -0.004488 -0.005618 -0.005749 0.999958
4.676494 -0.8753783 -1.112635 53.81125 -0.004258 -0.005594 -0.005263 0.999961
4.780371 -0.892873 -1.127883 55.0152 -0.003901 -0.005961 -0.004929 0.999962
4.884244 -0.9118602 -1.143152 56.22027 -0.003874 -0.006729 -0.00501 0.999957
4.988118 -0.9332309 -1.160687 57.42777 -0.004633 -0.007496 -0.005014 0.999949
5.091994 -0.956215 -1.175655 58.63262 -0.004823 -0.007979 -0.005009 0.999944
5.195994 -0.981436 -1.190278 59.83857 -0.004689 -0.008399 -0.005487 0.999939
5.299899 -1.006715 -1.2056 61.04209 -0.004627 -0.008756 -0.005683 0.999935
5.403745 -1.031126 -1.22132 62.24563 -0.004353 -0.00884 -0.005362 0.999937
5.507756 -1.053863 -1.237483 63.44747 -0.003867 -0.008944 -0.00472 0.999941
5.611618 -1.078473 -1.251701 64.64755 -0.004335 -0.009121 -0.004505 0.999939
5.715493 -1.103193 -1.267101 65.8504 -0.005429 -0.009239 -0.004492 0.999932
5.819513 -1.129538 -1.281112 67.04761 -0.004704 -0.009387 -0.004718 0.999934
5.923372 -1.15768 -1.293922 68.24107 -0.003855 -0.009423 -0.005481 0.999933
6.027387 -1.18693 -1.309417 69.43527 -0.003928 -0.009466 -0.006561 0.999926
6.131261 -1.215316 -1.324678 70.62616 -0.004048 -0.009437 -0.007465 0.999919
6.235244 -1.243226 -1.339456 71.816 -0.00428 -0.009335 -0.008289 0.999913
6.339121 -1.268567 -1.355743 73.00219 -0.004744 -0.008853 -0.008491 0.999914
6.44312 -1.292838 -1.37147 74.18749 -0.005035 -0.007824 -0.009327 0.999913
6.547122 -1.310252 -1.390125 75.36554 -0.004657 -0.006499 -0.009042 0.999927
6.651123 -1.320138 -1.407515 76.54079 -0.001902 -0.005327 -0.007309 0.999957
6.755121 -1.33092 -1.427085 77.7163 -0.001054 -0.004101 -0.007593 0.999962
6.859122 -1.33795 -1.448797 78.8946 -0.002998 -0.002651 -0.007244 0.999966
6.963119 -1.340942 -1.468534 80.06843 -0.003974 -0.000996 -0.007293 0.999965
7.06712 -1.34229 -1.485826 81.23454 -0.002864 0.001004 -0.007515 0.999967
7.17112 -1.335651 -1.506096 82.39913 -0.001589 0.00274 -0.007071 0.99997
7.275124 -1.323865 -1.530312 83.55801 0.000342 0.004434 -0.006363 0.99997
7.379122 -1.309268 -1.555472 84.71745 0.000881 0.006078 -0.005932 0.999964
7.483122 -1.292993 -1.580587 85.87696 -7.9e-05 0.007891 -0.005839 0.999952
7.587125 -1.273121 -1.605074 87.03114 -0.000543 0.009807 -0.006391 0.999931
7.691125 -1.247131 -1.630673 88.18383 0.000606 0.011647 -0.006216 0.999913
7.795143 -1.216671 -1.656163 89.33336 0.001888 0.013293 -0.006038 0.999892
7.899123 -1.182745 -1.683163 90.48344 0.002078 0.014924 -0.006076 0.999868
8.003122 -1.144128 -1.710419 91.63655 0.001466 0.016357 -0.005409 0.999851
8.107122 -1.10175 -1.736086 92.79129 0.000804 0.017752 -0.005041 0.999829
8.211127 -1.056015 -1.76065 93.94713 -0.000124 0.019125 -0.004647 0.999806
8.315124 -1.006119 -1.785071 95.10262 -0.0007 0.020348 -0.004094 0.999784
8.419122 -0.953966 -1.809543 96.25538 0.000386 0.021487 -0.003424 0.999763
8.523125 -0.8975398 -1.834871 97.41317 0.002182 0.022589 -0.002651 0.999739
8.627137 -0.8410031 -1.861916 98.57222 0.003753 0.023621 -0.002787 0.99971
8.731123 -0.7820453 -1.891643 99.73968 0.004264 0.024435 -0.002844 0.999688
8.835121 -0.7233569 -1.922457 100.9141 0.003954 0.024737 -0.00288 0.999682
8.939122 -0.6655319 -1.953029 102.0947 0.002948 0.024362 -0.003005 0.999694
9.043123 -0.6077182 -1.983093 103.2788 0.002141 0.023676 -0.002684 0.999714
9.147125 -0.5505715 -2.012875 104.47 0.001816 0.022675 -0.002834 0.999737
9.251125 -0.4977483 -2.041118 105.6679 0.001519 0.021445 -0.002916 0.999765
9.355001 -0.4483272 -2.069739 106.8672 0.001524 0.019892 -0.003159 0.999796
9.459001 -0.4053771 -2.098282 108.0719 0.00167 0.018013 -0.003888 0.999829
9.562998 -0.3651076 -2.127 109.2786 0.001571 0.016058 -0.003963 0.999862
9.666891 -0.3290753 -2.156853 110.4916 0.00101 0.014035 -0.004297 0.999892
9.770876 -0.2985283 -2.185665 111.7073 0.000597 0.011873 -0.004398 0.99992
9.87475 -0.2726718 -2.213402 112.9237 0.000221 0.009647 -0.00448 0.999943
9.97877 -0.2537792 -2.240145 114.1425 0.000122 0.007252 -0.004673 0.999963
10.08275 -0.2415523 -2.267804 115.3628 0.000112 0.004782 -0.005089 0.999976
10.18662 -0.2340717 -2.29683 116.586 0.000251 0.002303 -0.005346 0.999983
10.29063 -0.2325711 -2.327575 117.8116 0.000542 -2.1e-05 -0.00579 0.999983
10.39463 -0.2372931 -2.358001 119.0399 0.000691 -0.001866 -0.006709 0.999976
10.49862 -0.246444 -2.388148 120.2714 0.000592 -0.002925 -0.007882 0.999964
10.60263 -0.2562318 -2.417424 121.5013 0.000733 -0.003408 -0.008358 0.999959
10.70675 -0.2696789 -2.444635 122.7424 0.000527 -0.003949 -0.009424 0.999948
10.81075 -0.2835717 -2.4715 123.9829 -5.7e-05 -0.00445 -0.010129 0.999939
10.91475 -0.2970155 -2.498919 125.2241 -4.2e-05 -0.004828 -0.010148 0.999937
11.01875 -0.3168152 -2.521615 126.4702 -0.000885 -0.005257 -0.01178 0.999916
11.12275 -0.336076 -2.543289 127.7202 -0.002346 -0.005563 -0.012589 0.999903
11.22675 -0.3532043 -2.561295 128.9699 -0.002602 -0.005953 -0.012074 0.999906
11.33077 -0.3704424 -2.578125 130.2201 -0.001648 -0.006213 -0.011931 0.999908
11.43462 -0.384545 -2.59617 131.4756 -0.002005 -0.00658 -0.010569 0.99992
11.53863 -0.3976226 -2.614808 132.7335 -0.002978 -0.007098 -0.009388 0.999926
11.64263 -0.4133731 -2.631357 133.9959 -0.003913 -0.007255 -0.007989 0.999934
11.74663 -0.4299121 -2.64614 135.2593 -0.004837 -0.007418 -0.007103 0.999936
11.85063 -0.4438867 -2.660056 136.5226 -0.00386 -0.007374 -0.004919 0.999953
11.95462 -0.4570556 -2.675992 137.7895 -0.003013 -0.007388 -0.003594 0.999962
12.0585 -0.472057 -2.693213 139.0568 -0.003 -0.007297 -0.002801 0.999965
12.1625 -0.490815 -2.711316 140.3306 -0.003209 -0.007162 -0.002776 0.999965
12.26652 -0.5099508 -2.728134 141.606 -0.004096 -0.006814 -0.002958 0.999964
12.37038 -0.5316574 -2.744134 142.8802 -0.004966 -0.006468 -0.004264 0.999958
12.47437 -0.5501461 -2.759529 144.153 -0.004565 -0.006179 -0.004302 0.999961
12.57837 -0.5681071 -2.775354 145.4241 -0.003259 -0.00597 -0.004458 0.999967
12.68225 -0.586224 -2.79483 146.694 -0.002224 -0.005757 -0.00454 0.999971
12.78625 -0.6015689 -2.818864 147.9611 -0.000164 -0.00563 -0.003905 0.999977
12.89025 -0.6184009 -2.844547 149.227 0.001581 -0.005373 -0.003954 0.999976
12.99413 -0.6344428 -2.875057 150.4924 0.002142 -0.005287 -0.003833 0.999976
13.09813 -0.6492857 -2.908757 151.7562 0.001949 -0.005334 -0.003746 0.999977
13.20213 -0.6669047 -2.939717 153.0248 0.001776 -0.005316 -0.004068 0.999976
13.306 -0.6841745 -2.969914 154.2883 0.001168 -0.00544 -0.004473 0.999975
13.41 -0.703475 -2.997619 155.5533 0.000885 -0.005567 -0.004707 0.999973
13.51401 -0.7212308 -3.024885 156.8169 0.001011 -0.005837 -0.004842 0.999971
13.61788 -0.7401339 -3.051707 158.0778 0.000923 -0.006157 -0.005002 0.999968
13.72188 -0.7581397 -3.079341 159.3422 0.000371 -0.006501 -0.004721 0.999968
13.82575 -0.7785169 -3.10733 160.6037 0.000217 -0.006831 -0.005155 0.999963
13.92975 -0.7989665 -3.135262 161.8641 0.000686 -0.007135 -0.005301 0.99996
14.03375 -0.8210143 -3.16234 163.1262 0.001236 -0.007544 -0.005528 0.999956
14.13775 -0.8448485 -3.191224 164.3903 0.00123 -0.007851 -0.005947 0.999951
14.24163 -0.8676072 -3.221845 165.6519 0.00157 -0.008179 -0.005791 0.999949
14.34563 -0.8915914 -3.252329 166.9143 0.002171 -0.008582 -0.005925 0.999943
14.44965 -0.9159259 -3.282708 168.1765 0.002091 -0.008891 -0.006012 0.99994
14.55363 -0.9418036 -3.313952 169.4414 0.00138 -0.009254 -0.006181 0.999937
14.6575 -0.9682551 -3.3446 170.7047 0.001146 -0.009626 -0.006216 0.999934
14.76151 -0.9957698 -3.373848 171.9707 0.000996 -0.009947 -0.006397 0.99993
14.86538 -1.024319 -3.402447 173.2343 0.000818 -0.010308 -0.006614 0.999925
14.96938 -1.053647 -3.431925 174.4983 0.001207 -0.010607 -0.006723 0.99992
15.07325 -1.083166 -3.461238 175.759 0.001547 -0.010826 -0.007243 0.999914
15.17725 -1.111965 -3.491932 177.0264 0.001291 -0.01103 -0.007341 0.999911
15.28126 -1.14094 -3.523533 178.2891 0.001741 -0.011198 -0.007307 0.999909
15.38513 -1.167498 -3.555449 179.5492 0.002679 -0.011234 -0.00666 0.999911
15.48913 -1.193384 -3.587083 180.8107 0.002496 -0.011377 -0.005182 0.999919
15.59313 -1.220912 -3.617217 182.0722 0.000877 -0.011531 -0.005135 0.99992
15.697 -1.249819 -3.644685 183.3367 -0.001703 -0.011591 -0.004995 0.999919
15.80101 -1.280267 -3.669131 184.5934 -0.001319 -0.011688 -0.005166 0.999917
15.90501 -1.311919 -3.694209 185.8431 0.00023 -0.011557 -0.006013 0.999915
16.00901 -1.342768 -3.722358 187.0923 0.00134 -0.011701 -0.006168 0.999912
16.11288 -1.371475 -3.752664 188.3388 0.001295 -0.011788 -0.005957 0.999912
16.21688 -1.400872 -3.781861 189.5856 0.000472 -0.011752 -0.00597 0.999913
16.32088 -1.429913 -3.811043 190.8308 -0.000525 -0.011676 -0.006009 0.999914
16.42488 -1.45692 -3.839753 192.0697 -0.001004 -0.011371 -0.005707 0.999919
16.52888 -1.482347 -3.868861 193.3035 -0.00077 -0.010703 -0.005727 0.999926
16.63288 -1.504387 -3.897568 194.5344 7.2e-05 -0.010012 -0.005041 0.999937
16.73676 -1.525428 -3.929306 195.761 0.000784 -0.009384 -0.005022 0.999943
16.84076 -1.54334 -3.962116 196.9816 0.001187 -0.008705 -0.004576 0.999951
16.94476 -1.561315 -3.994523 198.1987 0.000753 -0.008085 -0.004639 0.999956
17.04876 -1.577337 -4.025379 199.4115 -0.000256 -0.007394 -0.004476 0.999963
17.15276 -1.593225 -4.055718 200.6192 -0.000465 -0.006814 -0.004824 0.999965
17.25676 -1.607052 -4.084508 201.8207 -0.000372 -0.006269 -0.004721 0.999969
17.36075 -1.619569 -4.112611 203.0155 -0.000524 -0.005773 -0.004912 0.999971
17.46476 -1.629855 -4.142166 204.2033 -0.000735 -0.005214 -0.005041 0.999973
17.56875 -1.639698 -4.168995 205.3821 -0.000566 -0.004829 -0.005036 0.999975
17.67276 -1.649074 -4.196218 206.5525 -0.000621 -0.004381 -0.005059 0.999977
17.77676 -1.655974 -4.223531 207.7094 -0.000707 -0.004099 -0.004468 0.999981
17.88063 -1.663162 -4.25023 208.8522 -0.001 -0.003991 -0.004384 0.999982
17.98465 -1.670517 -4.277047 209.9818 -0.001692 -0.004149 -0.004143 0.999981
18.08863 -1.680916 -4.301812 211.0937 -0.001674 -0.004494 -0.004264 0.999979
18.19263 -1.692609 -4.32686 212.1907 -0.001182 -0.004679 -0.004406 0.999979
18.29663 -1.705386 -4.351615 213.2749 -0.000734 -0.004896 -0.004561 0.999977
18.40063 -1.717659 -4.376802 214.3453 -0.000638 -0.005175 -0.004529 0.999976
18.50463 -1.730641 -4.402081 215.4046 -0.000675 -0.005733 -0.004251 0.999974
18.60852 -1.744177 -4.426871 216.4482 -0.001051 -0.006528 -0.004058 0.99997
18.71251 -1.758097 -4.450451 217.4854 -0.00178 -0.007513 -0.003525 0.999964
18.81651 -1.775959 -4.472509 218.5077 -0.00286 -0.008618 -0.003628 0.999952
18.92051 -1.796549 -4.494237 219.5114 -0.002921 -0.009739 -0.00373 0.999941
19.02463 -1.82019 -4.513126 220.495 -0.002604 -0.011081 -0.003916 0.999928
19.12863 -1.844527 -4.532452 221.4612 -0.002626 -0.012447 -0.003951 0.999911
19.23263 -1.871601 -4.553298 222.4026 -0.002956 -0.013876 -0.004228 0.99989
19.33651 -1.900504 -4.574348 223.3228 -0.002947 -0.015369 -0.004403 0.999868
19.44051 -1.93108 -4.594192 224.2192 -0.002607 -0.0169 -0.004377 0.999844
19.54464 -1.963226 -4.613875 225.0932 -0.002378 -0.018515 -0.004273 0.999817
19.64865 -1.999321 -4.634336 225.9462 -0.002268 -0.020071 -0.004871 0.999784
19.75263 -2.03611 -4.65549 226.7758 -0.001834 -0.02157 -0.005019 0.999753
19.85663 -2.076063 -4.674144 227.5885 -0.001875 -0.022752 -0.005984 0.999721
19.96078 -2.113952 -4.692285 228.382 -0.001959 -0.023163 -0.006384 0.999709
20.06489 -2.149429 -4.710568 229.159 -0.002541 -0.023057 -0.006402 0.99971
20.16888 -2.182836 -4.728951 229.9166 -0.002959 -0.022806 -0.006441 0.999715
20.27301 -2.215172 -4.746558 230.6577 -0.00268 -0.022649 -0.006346 0.99972
20.37701 -2.24791 -4.762455 231.3882 -0.001711 -0.022484 -0.006602 0.999724
20.48115 -2.278813 -4.778921 232.1156 -0.000621 -0.022064 -0.006634 0.999734
20.58526 -2.30914 -4.795655 232.8383 5.7e-05 -0.021498 -0.006659 0.999747
20.68927 -2.338553 -4.813178 233.56 0.000298 -0.020759 -0.007027 0.99976
20.79338 -2.3648 -4.830531 234.2776 0.000417 -0.01991 -0.006745 0.999779
20.89751 -2.389577 -4.847959 234.9915 0.000413 -0.018985 -0.006652 0.999798
21.00151 -2.414706 -4.864866 235.7021 0.000444 -0.017963 -0.006691 0.999816
21.10563 -2.437161 -4.881579 236.4085 0.000578 -0.01691 -0.006566 0.999835
21.20964 -2.45827 -4.896919 237.1116 0.000449 -0.015471 -0.00662 0.999858
21.31376 -2.475218 -4.912132 237.8114 0.000173 -0.013864 -0.006158 0.999885
21.41776 -2.489243 -4.929647 238.5076 -7.4e-05 -0.012417 -0.005634 0.999907
21.52188 -2.501543 -4.947554 239.1999 -0.000181 -0.010917 -0.005493 0.999925
21.62601 -2.511949 -4.965562 239.8878 -3.6e-05 -0.009437 -0.0053 0.999941
21.73001 -2.520293 -4.98174 240.5753 0.00019 -0.007997 -0.005193 0.999955
21.83414 -2.528203 -4.99821 241.2639 0.000654 -0.006521 -0.005675 0.999962
21.93826 -2.534352 -5.01566 241.9573 0.000992 -0.005088 -0.005636 0.999971
22.04226 -2.538348 -5.032044 242.6535 0.000538 -0.003665 -0.005651 0.999977
22.1464 -2.543393 -5.04817 243.3559 0.000205 -0.00238 -0.005909 0.99998
22.25051 -2.545596 -5.064282 244.059 0.000287 -0.001228 -0.005777 0.999983
22.35451 -2.546852 -5.080295 244.7634 0.000892 -8.1e-05 -0.005696 0.999983
22.45866 -2.546619 -5.094783 245.4715 0.002187 0.000784 -0.005786 0.999981
22.56276 -2.545576 -5.109038 246.1863 0.002961 0.001261 -0.005419 0.99998
22.66676 -2.543734 -5.126143 246.9081 0.003376 0.001355 -0.005382 0.999979
22.77076 -2.542056 -5.145191 247.6359 0.003489 0.001442 -0.005002 0.99998
22.87476 -2.541896 -5.164585 248.3695 0.003577 0.001531 -0.005457 0.999978
22.97889 -2.542204 -5.185382 249.1114 0.003923 0.001684 -0.005874 0.999974
23.0829 -2.540944 -5.205979 249.8573 0.00492 0.001791 -0.005535 0.999971
23.18689 -2.535403 -5.22737 250.61 0.005825 0.001976 -0.00365 0.999974
23.29089 -2.529259 -5.246305 251.3708 0.006305 0.002136 -0.001998 0.999976
23.39501 -2.529475 -5.263872 252.145 0.004764 0.002434 -0.002805 0.999982
23.49901 -2.534412 -5.282956 252.9289 0.001717 0.002766 -0.005 0.999982
23.60301 -2.53173 -5.300222 253.716 -0.000636 0.00319 -0.004879 0.999983
23.70716 -2.522827 -5.316153 254.5107 0.000324 0.004134 -0.00414 0.999983
23.81113 -2.516895 -5.328791 255.3056 0.003508 0.006113 -0.004685 0.999964
23.91526 -2.508908 -5.345294 256.1119 0.005796 0.008088 -0.00573 0.999934
24.01927 -2.495854 -5.364407 256.9296 0.005721 0.009694 -0.006454 0.999916
24.12328 -2.476437 -5.385775 257.7578 0.004432 0.011317 -0.005787 0.999909
24.22739 -2.451908 -5.406872 258.5928 0.002865 0.012773 -0.00428 0.999905
24.33139 -2.426274 -5.425049 259.4295 0.001981 0.014117 -0.003048 0.999894
24.43553 -2.401831 -5.445288 260.2685 0.001703 0.015706 -0.002939 0.999871
24.53951 -2.377452 -5.467449 261.1028 0.002688 0.016985 -0.004041 0.999844
24.64364 -2.347909 -5.488513 261.9398 0.00385 0.018165 -0.004247 0.999819
24.74764 -2.315586 -5.509575 262.7787 0.004054 0.019463 -0.004401 0.999793
24.85176 -2.282743 -5.533299 263.6212 0.003083 0.020922 -0.004867 0.999765
24.95576 -2.249292 -5.557575 264.4631 0.002097 0.022572 -0.005645 0.999727
25.05978 -2.211671 -5.580169 265.3026 0.002069 0.023954 -0.005916 0.999693
25.16376 -2.169031 -5.601556 266.1456 0.002452 0.025283 -0.005839 0.99966
25.26776 -2.120601 -5.622751 266.9886 0.002651 0.026581 -0.00503 0.999631
25.37177 -2.070929 -5.642388 267.8345 0.002408 0.027484 -0.003529 0.999613
25.47577 -2.020152 -5.662313 268.6821 0.002368 0.027939 -0.002795 0.999603
25.57977 -1.972336 -5.683949 269.5293 0.002382 0.028228 -0.002418 0.999596
25.68376 -1.923826 -5.705921 270.3816 0.002343 0.028483 -0.002359 0.999589
25.78765 -1.875688 -5.726987 271.2341 0.002127 0.028471 -0.002353 0.99959
25.89164 -1.829452 -5.750154 272.0891 0.001818 0.0282 -0.002637 0.999597
25.99552 -1.783337 -5.773108 272.9432 0.002188 0.02764 -0.002444 0.999613
26.09952 -1.741198 -5.793806 273.7954 0.002614 0.026844 -0.002497 0.999633
26.20351 -1.700845 -5.814912 274.6511 0.003081 0.026029 -0.00288 0.999652
26.30739 -1.660663 -5.835884 275.5035 0.003123 0.025314 -0.003427 0.999669
26.41139 -1.622669 -5.858238 276.3544 0.003172 0.024517 -0.00399 0.999686
26.51527 -1.585579 -5.879709 277.2037 0.002936 0.023407 -0.004239 0.999713
26.61926 -1.550632 -5.901149 278.0516 0.002205 0.022031 -0.004164 0.999746
26.72314 -1.517863 -5.921904 278.8967 0.001056 0.019973 -0.003492 0.999794
26.82714 -1.489305 -5.941918 279.7354 5.5e-05 0.017601 -0.002911 0.999841
26.93114 -1.466242 -5.96075 280.5687 -0.000643 0.015221 -0.002676 0.99988
27.03514 -1.447757 -5.978025 281.3897 -0.000941 0.012853 -0.002469 0.999914
27.13914 -1.431895 -5.99441 282.2031 -0.001291 0.010584 -0.002227 0.999941
27.24326 -1.419054 -6.010847 283.0036 -0.0014 0.008243 -0.001721 0.999964
27.34726 -1.412086 -6.026687 283.7879 -0.001258 0.006179 -0.001518 0.999979
27.45139 -1.411252 -6.04017 284.5553 -0.001211 0.004193 -0.001729 0.999989
27.55539 -1.414317 -6.053988 285.3052 -0.001251 0.002277 -0.001894 0.999995
27.65941 -1.417779 -6.069167 286.0359 -0.001325 0.000381 -0.001768 0.999997
27.76339 -1.423417 -6.085125 286.744 -0.000953 -0.001722 -0.00133 0.999997
27.86741 -1.435822 -6.10138 287.4331 -0.000249 -0.004188 -0.001906 0.999989
27.97139 -1.454441 -6.117454 288.1005 0.00069 -0.007346 -0.00272 0.999969
28.07541 -1.477649 -6.132605 288.7511 0.001587 -0.011432 -0.00316 0.999928
28.17926 -1.506373 -6.149396 289.389 0.002089 -0.016567 -0.003119 0.999856
28.28327 -1.545617 -6.167037 290.0173 0.00223 -0.023256 -0.003355 0.999721
28.38704 -1.597157 -6.182453 290.6281 0.001799 -0.031419 -0.00384 0.999497
28.4909 -1.665044 -6.196964 291.23 0.001448 -0.041227 -0.005181 0.999135
28.59479 -1.742378 -6.210196 291.8062 0.001494 -0.052406 -0.006053 0.998606
28.69852 -1.834488 -6.224247 292.379 0.001551 -0.065036 -0.006806 0.997859
28.80227 -1.942994 -6.237015 292.9374 0.001392 -0.07887 -0.007605 0.996855
28.90604 -2.067997 -6.247853 293.4679 0.000857 -0.094118 -0.008303 0.995526
29.00977 -2.209538 -6.257666 293.9981 -6.3e-05 -0.111063 -0.008226 0.993779
29.11351 -2.367902 -6.271075 294.5121 -0.000975 -0.129297 -0.008262 0.991571
29.21728 -2.543375 -6.28527 294.9879 -0.002182 -0.148387 -0.008858 0.988887
29.321 -2.739392 -6.297631 295.4667 -0.00333 -0.168368 -0.009534 0.985672
29.42464 -2.949047 -6.307941 295.9018 -0.004356 -0.18905 -0.009751 0.981909
29.52839 -3.178542 -6.314604 296.3492 -0.005328 -0.210398 -0.009567 0.977554
29.63216 -3.425572 -6.32098 296.7828 -0.005989 -0.232716 -0.009299 0.972482
29.73577 -3.687333 -6.328231 297.1641 -0.006677 -0.255929 -0.008881 0.966632
29.83954 -3.968958 -6.33276 297.5634 -0.007543 -0.279831 -0.008212 0.959984
29.94328 -4.268559 -6.336992 297.9439 -0.00856 -0.304417 -0.007952 0.952467
30.04714 -4.586321 -6.339444 298.2617 -0.008854 -0.329397 -0.008614 0.944111
30.15089 -4.922654 -6.345184 298.5997 -0.009275 -0.354952 -0.007993 0.934804
30.25464 -5.270323 -6.347814 298.8694 -0.010833 -0.38122 -0.006898 0.924395
30.35839 -5.635576 -6.343982 299.1672 -0.013676 -0.408553 -0.005099 0.912618
30.46204 -6.014393 -6.339964 299.4337 -0.015794 -0.436675 -0.004125 0.899471
30.56579 -6.404391 -6.33231 299.6092 -0.01687 -0.464858 -0.005216 0.885209
30.66952 -6.808874 -6.331276 299.805 -0.017085 -0.492363 -0.008573 0.87018
30.7734 -7.216405 -6.326098 299.9751 -0.017122 -0.519489 -0.010975 0.854235
30.87714 -7.620091 -6.315633 300.0619 -0.017267 -0.546186 -0.011875 0.837402
30.98089 -8.027228 -6.304576 300.1811 -0.018231 -0.571971 -0.012232 0.81998
31.08477 -8.436151 -6.292308 300.22 -0.019959 -0.596977 -0.012686 0.80191
31.18864 -8.849753 -6.282888 300.2873 -0.02162 -0.621289 -0.013628 0.783165
31.29241 -9.270289 -6.271213 300.3291 -0.023353 -0.645665 -0.014037 0.763135
31.39627 -9.696194 -6.256955 300.284 -0.024289 -0.669884 -0.015532 0.741906
31.50016 -10.13605 -6.242546 300.2712 -0.026308 -0.693593 -0.016963 0.719687
31.6039 -10.58129 -6.224323 300.2293 0.028638 0.716898 0.019065 -0.696329
31.70781 -11.03111 -6.199526 300.097 0.031054 0.739858 0.021127 -0.671714
31.81165 -11.48794 -6.178297 299.9941 0.033163 0.761953 0.023264 -0.646364
31.91552 -11.94318 -6.15018 299.7982 0.035678 0.783071 0.024771 -0.620414
32.0194 -12.40289 -6.123531 299.6328 0.037778 0.803208 0.025642 -0.593946
32.12329 -12.8598 -6.094784 299.4338 0.039071 0.822127 0.025903 -0.56737
32.2273 -13.3109 -6.063773 299.1429 0.039833 0.839924 0.025508 -0.540639
32.33129 -13.7634 -6.028358 298.8742 0.040097 0.856298 0.025156 -0.514309
32.43543 -14.21251 -5.989762 298.5219 0.040343 0.871307 0.024938 -0.488442
32.53952 -14.66311 -5.950116 298.1811 0.040509 0.884551 0.024931 -0.464012
32.64377 -15.11616 -5.913525 297.8016 0.040765 0.896051 0.025556 -0.441336
32.74802 -15.56917 -5.871992 297.3601 0.042545 0.906384 0.025966 -0.419505
32.85215 -16.02426 -5.830931 296.9179 0.046376 0.916396 0.026007 -0.396726
32.9564 -16.47064 -5.783464 296.4013 0.04945 0.926013 0.026574 -0.373294
33.06052 -16.90392 -5.737737 295.8766 0.050653 0.934839 0.026785 -0.350418
33.16477 -17.32241 -5.692386 295.2843 0.049475 0.942979 0.025714 -0.328149
33.26902 -17.72918 -5.645499 294.6844 0.04887 0.950294 0.023613 -0.306587
33.37314 -18.12343 -5.596317 294.0467 0.04707 0.956931 0.02163 -0.285656
33.47742 -18.50534 -5.550791 293.3496 0.046377 0.962882 0.019624 -0.265185
33.58164 -18.87203 -5.509383 292.6362 0.04553 0.968242 0.019722 -0.245041
33.68577 -19.21381 -5.47294 291.8625 0.043964 0.973306 0.019769 -0.224393
33.79002 -19.53852 -5.435497 291.0794 0.043863 0.977824 0.01922 -0.203881
33.89415 -19.84548 -5.397191 290.2408 0.04512 0.981857 0.019065 -0.183187
33.99828 -20.12922 -5.364689 289.3905 0.047206 0.985363 0.019002 -0.162697
34.10252 -20.38184 -5.330467 288.5047 0.047541 0.988407 0.020014 -0.142796
34.20665 -20.61251 -5.29613 287.5677 0.049247 0.990906 0.020391 -0.123547
34.31077 -20.81155 -5.265003 286.6208 0.04916 0.993055 0.020747 -0.104852
34.41489 -20.97738 -5.231887 285.6322 0.048727 0.994807 0.01872 -0.087369
34.51902 -21.11659 -5.198232 284.6297 0.048392 0.996186 0.017179 -0.070541
34.62327 -21.22691 -5.169612 283.5931 0.048198 0.997197 0.017265 -0.054567
34.7274 -21.30702 -5.143301 282.5205 0.047533 0.997956 0.017334 -0.039048
34.83166 -21.35871 -5.118237 281.4312 0.047073 0.998445 0.017027 -0.024518
34.93578 -21.38358 -5.092068 280.3112 0.047514 0.998672 0.016513 -0.011155
35.04002 -21.37724 -5.068634 279.1733 0.046062 0.998788 0.017287 0.001406
35.14415 -21.34556 -5.044246 278.0075 0.045363 0.998727 0.017694 0.013163
35.2484 -21.28976 -5.02153 276.8295 0.044189 0.998598 0.017374 0.023407
35.35265 -21.20924 -5.001358 275.6388 0.041946 0.998487 0.016114 0.031699
35.45692 -21.11193 -4.983245 274.4313 0.039486 0.998378 0.015504 0.037966
35.56127 -21.0019 -4.965436 273.2075 0.03716 0.998297 0.016204 0.041955
35.66552 -20.88617 -4.946924 271.963 0.035432 0.998259 0.017134 0.043924
35.76977 -20.77685 -4.927465 270.705 0.034496 0.998299 0.016304 0.044094
35.87418 -20.66591 -4.906062 269.4279 0.033367 0.998391 0.015613 0.043102
35.97828 -20.55522 -4.883412 268.136 0.03305 0.998446 0.016057 0.041894
36.08252 -20.44759 -4.861751 266.8306 0.032511 0.998509 0.01655 0.040604
36.18665 -20.34586 -4.838516 265.5097 0.03228 0.998587 0.016877 0.038689
36.29091 -20.24967 -4.817703 264.1794 0.031448 0.998697 0.017686 0.036096
36.39503 -20.15628 -4.799526 262.8481 0.031156 0.998783 0.018815 0.033281
36.49915 -20.07085 -4.780284 261.5173 0.030821 0.998861 0.019663 0.03065
36.60315 -19.99327 -4.760491 260.1902 0.030652 0.998936 0.019838 0.028156
36.70728 -19.9213 -4.738614 258.8499 0.030079 0.999031 0.019472 0.02557
36.81128 -19.8553 -4.717988 257.5113 0.029224 0.99913 0.019105 0.022827
36.91528 -19.79675 -4.696286 256.1702 0.028845 0.999206 0.018761 0.020091
37.01927 -19.74591 -4.673674 254.8239 0.028516 0.99924 0.020037 0.017468
37.12328 -19.70344 -4.648388 253.4746 0.028723 0.999239 0.021668 0.015081
37.2273 -19.66817 -4.618642 252.1232 0.029108 0.999259 0.021674 0.012817
37.33115 -19.63934 -4.586765 250.7731 0.02969 0.999272 0.021326 0.010937
37.43515 -19.61368 -4.556415 249.4162 0.029788 0.99929 0.021049 0.009416
37.53903 -19.59029 -4.529158 248.0644 0.029894 0.999332 0.019388 0.008072
37.6429 -19.56928 -4.501374 246.706 0.029742 0.99937 0.018132 0.006854
37.74677 -19.55134 -4.473848 245.3382 0.02919 0.999372 0.019277 0.005701
37.85053 -19.538 -4.445003 243.9698 0.029724 0.999337 0.020461 0.004763
37.9544 -19.52666 -4.411335 242.5957 0.029796 0.99934 0.020315 0.004322
38.05815 -19.51383 -4.37826 241.2224 0.030416 0.999318 0.020507 0.004238
38.16202 -19.50318 -4.346093 239.8385 0.030549 0.999313 0.020512 0.004353
38.26578 -19.49325 -4.316996 238.4577 0.031447 0.9993 0.019761 0.004538
38.36953 -19.48099 -4.286446 237.0732 0.032144 0.999293 0.018855 0.004914
38.47328 -19.46668 -4.255713 235.6839 0.032936 0.99926 0.019113 0.005446
38.57705 -19.45014 -4.223798 234.2911 0.033155 0.999216 0.020835 0.005895
38.68078 -19.4304 -4.186692 232.8928 0.032589 0.999222 0.021256 0.006468
38.78465 -19.4066 -4.152924 231.4922 0.031952 0.999232 0.021605 0.006884
38.8884 -19.38129 -4.121142 230.0914 0.03105 0.999261 0.021451 0.007265
38.99215 -19.35555 -4.091351 228.6877 0.030262 0.999289 0.02119 0.00755
39.0959 -19.33238 -4.061083 227.2832 0.030411 0.999297 0.020563 0.007663
39.19965 -19.30936 -4.031202 225.8709 0.030376 0.999315 0.019645 0.007755
39.3034 -19.28821 -4.003413 224.4541 0.030925 0.999292 0.019957 0.007789
39.40727 -19.26526 -3.975161 223.0339 0.030814 0.999284 0.020451 0.007962
39.51103 -19.24098 -3.945563 221.6106 0.030887 0.999273 0.020845 0.008025
39.61478 -19.2149 -3.915755 220.1863 0.030334 0.999282 0.021224 0.008043
39.71853 -19.19066 -3.884537 218.7565 0.030744 0.999269 0.021307 0.007935
39.82215 -19.16474 -3.851913 217.3282 0.030468 0.999294 0.02046 0.008008
39.9259 -19.14051 -3.816692 215.8915 0.031298 0.999257 0.021017 0.008048
40.02966 -19.11492 -3.783819 214.4523 0.031475 0.999234 0.021821 0.008049
40.1334 -19.08395 -3.744539 213.0109 0.031623 0.999235 0.021532 0.008055
40.23704 -19.0532 -3.706671 211.5703 0.031895 0.999255 0.020187 0.008065
40.34078 -19.02208 -3.670204 210.1235 0.031987 0.999256 0.019982 0.008001
40.44453 -18.99038 -3.634175 208.6722 0.031657 0.999254 0.020581 0.008044
40.54828 -18.96021 -3.596747 207.2186 0.031773 0.999272 0.019512 0.008044
40.65204 -18.92786 -3.559153 205.7582 0.031311 0.999276 0.020046 0.008132
40.75578 -18.89614 -3.524788 204.2948 0.030725 0.999268 0.021335 0.00801
40.85953 -18.86476 -3.487637 202.8318 0.030581 0.999276 0.021175 0.007982
40.9633 -18.83712 -3.453039 201.3684 0.03108 0.999262 0.021124 0.008006
41.06704 -18.80904 -3.419171 199.9091 0.031274 0.999266 0.020608 0.008042
41.1708 -18.78081 -3.384783 198.4404 0.031538 0.999237 0.021672 0.007826
41.27453 -18.75193 -3.350644 196.9762 0.031204 0.999219 0.023062 0.007445
41.3783 -18.72357 -3.313855 195.5153 0.030654 0.999235 0.023259 0.006931
41.48215 -18.69718 -3.276436 194.0556 0.030301 0.999252 0.02317 0.006385
41.58591 -18.67123 -3.241513 192.6001 0.029715 0.999265 0.023461 0.005981
41.68967 -18.64803 -3.205048 191.1441 0.029786 0.999272 0.023224 0.005463
41.79353 -18.62849 -3.170622 189.6915 0.030258 0.999273 0.022659 0.005049
41.89728 -18.61037 -3.138275 188.2429 0.03059 0.999267 0.02251 0.00476
42.00103 -18.59411 -3.107703 186.7945 0.030521 0.999263 0.022852 0.004513
42.10478 -18.57686 -3.075839 185.3525 0.03045 0.999274 0.022519 0.004105
42.20853 -18.56047 -3.044236 183.9085 0.030335 0.999267 0.023017 0.003816
42.31228 -18.546 -3.011131 182.4687 0.030199 0.999254 0.023824 0.003463
42.41605 -18.5334 -2.977267 181.0316 0.030225 0.999245 0.024237 0.002883
42.5199 -18.52315 -2.942176 179.601 0.03016 0.999268 0.023476 0.001891
42.62366 -18.51524 -2.908289 178.1753 0.02999 0.999285 0.023016 0.00093
42.7274 -18.51072 -2.873542 176.7507 0.030285 0.999258 0.023781 -0.000105
42.83116 -18.51025 -2.838653 175.3373 0.030696 0.999222 0.024738 -0.001093
42.93491 -18.51326 -2.803213 173.9296 0.031221 0.999216 0.024255 -0.002173
43.03866 -18.51829 -2.769552 172.5375 0.031271 0.999211 0.024258 -0.003168
43.14241 -18.52671 -2.736025 171.1562 0.031365 0.999185 0.025049 -0.004199
43.24616 -18.5371 -2.701364 169.7919 0.031382 0.999161 0.025797 -0.005259
43.34991 -18.55169 -2.66695 168.4471 0.03176 0.999125 0.026471 -0.006348
43.45369 -18.5681 -2.633527 167.1265 0.031864 0.999127 0.026024 -0.007193
43.5574 -18.58704 -2.599237 165.8218 0.032314 0.999105 0.026074 -0.008021
43.66103 -18.60503 -2.565877 164.539 0.031871 0.999074 0.027586 -0.008572
43.76479 -18.62542 -2.533595 163.2792 0.032078 0.999065 0.027597 -0.00884
43.86853 -18.64444 -2.502804 162.0471 0.031914 0.999097 0.02663 -0.008833
43.97229 -18.66211 -2.473852 160.8371 0.031549 0.999118 0.026296 -0.008763
44.07592 -18.68207 -2.447586 159.6532 0.032025 0.9991 0.026419 -0.008663
44.17966 -18.70043 -2.422217 158.4929 0.032074 0.999101 0.026374 -0.008548
44.28328 -18.71715 -2.396857 157.3598 0.031861 0.999096 0.026866 -0.008331
44.38704 -18.73344 -2.370798 156.2503 0.0321 0.999067 0.02776 -0.008011
44.49078 -18.74892 -2.347373 155.1689 0.031795 0.999064 0.028269 -0.00776
44.59453 -18.76231 -2.322647 154.1173 0.031201 0.999097 0.027845 -0.007518
44.69828 -18.7779 -2.297427 153.0881 0.031508 0.999104 0.027308 -0.00732
44.80216 -18.79239 -2.274461 152.0873 0.031699 0.999114 0.026798 -0.006994
44.90591 -18.80437 -2.252345 151.1111 0.031242 0.999128 0.026854 -0.006753
45.00978 -18.81642 -2.23022 150.1621 0.031641 0.999103 0.027381 -0.006524
45.11353 -18.82738 -2.209938 149.2397 0.031524 0.9991 0.027688 -0.006267
45.21741 -18.83766 -2.187753 148.3393 0.03168 0.999093 0.027792 -0.006088
45.32116 -18.84754 -2.164801 147.4612 0.031811 0.999087 0.027947 -0.005738
45.42503 -18.85476 -2.144196 146.5989 0.031087 0.999117 0.027732 -0.005402
45.52891 -18.86279 -2.123511 145.7538 0.031574 0.999135 0.026552 -0.005236
45.63278 -18.87376 -2.100874 144.9223 0.033058 0.999117 0.025425 -0.005141
45.73666 -18.88239 -2.078341 144.1037 0.033759 0.999107 0.024922 -0.004925
45.84053 -18.88627 -2.059412 143.3024 0.03318 0.999122 0.02509 -0.004961
45.94441 -18.89195 -2.042113 142.5198 0.03329 0.999124 0.024895 -0.004817
46.04841 -18.90126 -2.02299 141.7522 0.034396 0.99911 0.023968 -0.004735
46.15241 -18.90872 -2.005121 140.9929 0.034683 0.999107 0.023645 -0.004757
46.25628 -18.91348 -1.989403 140.2422 0.034521 0.999104 0.023977 -0.004955
46.36028 -18.91945 -1.974562 139.4994 0.034548 0.99909 0.024443 -0.005251
46.4643 -18.92677 -1.960534 138.7654 0.034919 0.999082 0.024196 -0.005522
46.56828 -18.93511 -1.944374 138.044 0.03559 0.999068 0.023722 -0.005785
46.6723 -18.94438 -1.928158 137.3298 0.036169 0.999059 0.023192 -0.005996
46.7763 -18.95464 -1.914991 136.6214 0.03689 0.999055 0.022171 -0.006078
46.88028 -18.96431 -1.905325 135.917 0.037126 0.999069 0.021063 -0.006262
46.98429 -18.97372 -1.895274 135.2161 0.037643 0.99907 0.019935 -0.006615
47.08828 -18.97911 -1.881347 134.5169 0.03688 0.999118 0.018845 -0.006862
47.19229 -18.98311 -1.86792 133.8197 0.035964 0.999163 0.018127 -0.007121
47.29629 -18.99097 -1.854861 133.1238 0.036423 0.999134 0.018711 -0.00733
47.40028 -19.00389 -1.83902 132.4286 0.038028 0.999046 0.020111 -0.007462
47.50441 -19.0082 -1.829069 131.7402 0.036171 0.999115 0.020054 -0.007652
47.60841 -19.00738 -1.823556 131.0599 0.033236 0.999236 0.018992 -0.007864
47.71241 -19.01169 -1.813487 130.3774 0.031857 0.999322 0.016758 -0.007732
47.81641 -19.02656 -1.799997 129.6926 0.033824 0.999319 0.012599 -0.007629
47.92041 -19.02976 -1.790406 128.9952 0.031888 0.999394 0.011666 -0.007619
48.02441 -19.02968 -1.783236 128.2867 0.029355 0.999461 0.012789 -0.007255
48.12843 -19.03291 -1.773597 127.5639 0.027944 0.999482 0.014439 -0.006858
48.23241 -19.03689 -1.762349 126.8317 0.027087 0.999488 0.015908 -0.006034
48.33641 -19.04093 -1.751742 126.0904 0.027059 0.999484 0.016519 -0.00507
48.44041 -19.0431 -1.739549 125.3386 0.02698 0.9995 0.016115 -0.00362
48.54441 -19.0406 -1.721883 124.5754 0.026556 0.999532 0.015065 -0.001829
48.64841 -19.03398 -1.704964 123.7928 0.025578 0.999559 0.015107 -0.000298
48.75241 -19.02609 -1.689113 122.9911 0.024919 0.999548 0.016745 0.001382
48.85641 -19.01737 -1.671608 122.1724 0.024986 0.999498 0.019202 0.00314
48.96041 -19.00788 -1.651373 121.3372 0.025807 0.999444 0.020569 0.004807
49.06453 -18.99551 -1.630463 120.4889 0.02652 0.999408 0.020858 0.00666
49.16854 -18.9811 -1.606831 119.6223 0.027422 0.999385 0.020149 0.008509
49.27254 -18.96236 -1.583863 118.7404 0.028143 0.99937 0.01886 0.010567
49.37654 -18.94089 -1.56236 117.841 0.02924 0.999327 0.018318 0.012478
49.48054 -18.91249 -1.539442 116.9209 0.02985 0.999278 0.01846 0.014516
49.58454 -18.88164 -1.51858 115.9843 0.030595 0.999205 0.019516 0.016484
49.68854 -18.84566 -1.49574 115.0276 0.031268 0.999123 0.02066 0.01867
49.79254 -18.80738 -1.472691 114.0573 0.03279 0.999037 0.020545 0.020704
49.89654 -18.76261 -1.449607 113.0721 0.033574 0.998982 0.019535 0.022926
50.00054 -18.71096 -1.425819 112.0705 0.034155 0.998945 0.017841 0.024969
50.10455 -18.65467 -1.402779 111.0501 0.034586 0.998894 0.017036 0.02691
50.20854 -18.59273 -1.382089 110.0104 0.034553 0.998854 0.017109 0.028339
50.31254 -18.52665 -1.362588 108.9547 0.034629 0.998828 0.016933 0.029275
50.41654 -18.45845 -1.343346 107.8847 0.034139 0.998852 0.015689 0.02973
50.52054 -18.38974 -1.32609 106.7965 0.033886 0.998878 0.014164 0.029894
50.62467 -18.32377 -1.307555 105.6929 0.034899 0.998867 0.012586 0.029806
50.72866 -18.25676 -1.288139 104.5622 0.035636 0.998829 0.014146 0.029512
50.83266 -18.18725 -1.269054 103.4111 0.03542 0.998788 0.017471 0.029364
50.93679 -18.11737 -1.244731 102.2464 0.035712 0.998763 0.018629 0.029162
51.04079 -18.04504 -1.219976 101.074 0.035251 0.998807 0.017449 0.028945
51.14479 -17.972 -1.195663 99.88171 0.034814 0.998848 0.016583 0.028549
51.24879 -17.89756 -1.172886 98.67175 0.03412 0.998875 0.016853 0.028286
51.35279 -17.82503 -1.151222 97.4478 0.034075 0.998886 0.016527 0.028144
51.45679 -17.75374 -1.126795 96.20855 0.034499 0.998888 0.016095 0.0278
51.56079 -17.68421 -1.102525 94.95275 0.034652 0.998874 0.017595 0.027207
51.66479 -17.6127 -1.077492 93.67749 0.03404 0.998894 0.018879 0.026387
51.76879 -17.54366 -1.049972 92.39323 0.033754 0.998947 0.017839 0.025449
51.87279 -17.4771 -1.022258 91.09028 0.033379 0.998989 0.017862 0.02423
51.97679 -17.40999 -0.9990056 89.77477 0.031792 0.999076 0.017595 0.022951
52.08079 -17.35065 -0.9753403 88.45413 0.032881 0.999149 0.012724 0.021427
52.18466 -17.29334 -0.9584784 87.10974 0.032848 0.999202 0.010586 0.020097
52.28868 -17.23975 -0.9440549 85.73751 0.032866 0.999177 0.014633 0.018721
52.39267 -17.18834 -0.9218292 84.35171 0.032542 0.999157 0.018014 0.0174
52.49667 -17.13847 -0.8925921 82.95643 0.032079 0.999188 0.018332 0.016078
52.60067 -17.09087 -0.8621183 81.55322 0.031618 0.999239 0.017347 0.014876
52.70454 -17.04828 -0.8330614 80.12646 0.031592 0.999264 0.01688 0.013702
52.80854 -17.00912 -0.8053784 78.68382 0.03202 0.99926 0.017142 0.012648
52.91241 -16.97362 -0.7771295 77.22778 0.032865 0.999243 0.017236 0.011681
53.01642 -16.9389 -0.7478602 75.75752 0.033006 0.999235 0.01806 0.010712
53.12031 -16.90538 -0.7187593 74.28435 0.03264 0.999236 0.019248 0.009597
53.22416 -16.87364 -0.688618 72.80871 0.032003 0.999236 0.020719 0.00855
53.32804 -16.84487 -0.6588975 71.33452 0.031451 0.999224 0.022468 0.007538
53.43191 -16.82112 -0.6266962 69.86187 0.031734 0.99921 0.022968 0.006662
53.53579 -16.79851 -0.5936207 68.39401 0.031752 0.999228 0.022348 0.006001
53.63967 -16.77917 -0.561778 66.92462 0.032037 0.999232 0.021906 0.005375
53.74342 -16.76019 -0.5300473 65.45693 0.032056 0.999231 0.022041 0.004894
53.84731 -16.74127 -0.4983233 63.98723 0.031572 0.999238 0.022482 0.004548
53.95117 -16.72374 -0.4662392 62.52254 0.031459 0.999247 0.022298 0.004225
54.05492 -16.70738 -0.4342216 61.05928 0.031551 0.999275 0.020953 0.003909
54.15879 -16.69261 -0.4028967 59.5885 0.031961 0.999252 0.021432 0.003714
54.26254 -16.67728 -0.3696661 58.11853 0.032179 0.999197 0.023606 0.003671
54.36629 -16.66067 -0.331875 56.651 0.032301 0.999157 0.025077 0.003744
54.47016 -16.64289 -0.2928006 55.18855 0.032097 0.999169 0.024785 0.004099
54.57391 -16.62286 -0.2553499 53.73519 0.032227 0.999206 0.022959 0.004595
54.67769 -16.60088 -0.2238776 52.27704 0.031656 0.999261 0.021213 0.00504
54.78154 -16.57777 -0.1950878 50.82074 0.031569 0.99927 0.02082 0.005414
54.88529 -16.55446 -0.1667537 49.36683 0.031205 0.999263 0.021582 0.005754
54.98917 -16.53154 -0.1361189 47.91138 0.03179 0.999212 0.022953 0.006083
55.09292 -16.5059 -0.1018661 46.46111 0.031493 0.999179 0.024675 0.006433
55.19679 -16.47825 -0.06682977 45.01382 0.030702 0.999201 0.024721 0.00659
55.30054 -16.45171 -0.03390796 43.57573 0.030651 0.999257 0.022437 0.006574
55.40441 -16.42535 -0.004286154 42.13696 0.030547 0.999298 0.020727 0.006368
55.50819 -16.40183 0.02267275 40.69789 0.030871 0.999284 0.021002 0.006122
55.61191 -16.38003 0.0513988 39.26177 0.031478 0.999233 0.022498 0.005963
55.71579 -16.35679 0.08060552 37.82483 0.031226 0.999226 0.023228 0.005772
55.81954 -16.33245 0.1118254 36.39684 0.030618 0.999263 0.0225 0.005464
55.9233 -16.30758 0.1414094 34.97003 0.029699 0.999299 0.022175 0.005187
56.02717 -16.28474 0.1706823 33.54441 0.029256 0.999322 0.021801 0.004906
56.13092 -16.264 0.1998713 32.12471 0.029658 0.999322 0.021282 0.004753
56.23467 -16.24608 0.2279988 30.70783 0.030589 0.999296 0.021197 0.004667
56.33842 -16.22987 0.257281 29.28474 0.031851 0.999241 0.021935 0.004611
56.44229 -16.21276 0.2860073 27.8676 0.03212 0.999222 0.022415 0.004573
56.54604 -16.19488 0.3156601 26.45737 0.032125 0.999237 0.02175 0.004552
56.64981 -16.17482 0.3455316 25.05017 0.03132 0.999264 0.02172 0.004394
56.75355 -16.15363 0.3743586 23.6461 0.030319 0.999294 0.021777 0.004201
56.85729 -16.13407 0.4041376 22.24839 0.029837 0.999311 0.02169 0.004053
56.96106 -16.11623 0.4323654 20.85659 0.029738 0.9993 0.022358 0.003968
57.06479 -16.10044 0.4615578 19.47255 0.030163 0.999283 0.022547 0.003885
57.16854 -16.08658 0.4926781 18.08843 0.030833 0.999256 0.022879 0.00377
57.2723 -16.07258 0.5236603 16.70842 0.031005 0.999237 0.023443 0.003751
57.37617 -16.0573 0.5539333 15.33299 0.030842 0.999271 0.022206 0.003579
57.47992 -16.04039 0.5822458 13.9623 0.029763 0.999352 0.019966 0.003337
57.58367 -16.01956 0.6052059 12.59501 0.027744 0.999431 0.018917 0.003295
57.68742 -15.99987 0.6277813 11.22152 0.026114 0.999457 0.019788 0.0034
57.79117 -15.98184 0.653636 9.852998 0.025586 0.99944 0.021278 0.003538
57.89492 -15.96753 0.6821976 8.487382 0.026199 0.999408 0.022036 0.003536
57.99868 -15.95764 0.7126679 7.122797 0.028292 0.99932 0.023351 0.003689
58.10242 -15.94956 0.7443265 5.763789 0.030625 0.999233 0.024124 0.003797
58.20619 -15.93877 0.7787213 4.400318 0.03187 0.999204 0.023707 0.003814
58.31004 -15.9259 0.8125999 3.038918 0.032563 0.999206 0.022615 0.003895
58.4138 -15.90918 0.8446651 1.676097 0.032229 0.999247 0.021258 0.00375
58.51755 -15.88963 0.8754178 0.3089439 0.031132 0.999289 0.020977 0.003598
58.62142 -15.87121 0.9045038 -1.063172 0.030274 0.999311 0.0212 0.003492
58.72519 -15.85397 0.9332548 -2.436523 0.029882 0.999327 0.021011 0.003366
58.82907 -15.83843 0.9601236 -3.813595 0.029977 0.999343 0.020082 0.003303
58.93282 -15.8232 0.9870965 -5.192326 0.029732 0.999356 0.019838 0.003237
59.03655 -15.80825 1.014088 -6.57647 0.029641 0.999352 0.020169 0.003215
59.14042 -15.79123 1.041956 -7.966034 0.029 0.999375 0.019972 0.003167
59.24417 -15.7739 1.070725 -9.357139 0.028024 0.999402 0.020032 0.002942
59.34804 -15.75586 1.10059 -10.75522 0.026794 0.999407 0.021424 0.002847
59.4518 -15.73852 1.129671 -12.14993 0.025943 0.999428 0.021524 0.002718
59.55558 -15.72233 1.159922 -13.54746 0.025712 0.999468 0.019894 0.002522
59.65942 -15.70577 1.188722 -14.95103 0.02511 0.999493 0.019397 0.002552
59.76318 -15.6909 1.214563 -16.35914 0.025005 0.999484 0.019986 0.002727
59.86692 -15.67519 1.238904 -17.76435 0.02442 0.999518 0.01895 0.002781
59.9708 -15.65947 1.258378 -19.17351 0.023916 0.999565 0.017023 0.002879
60.07455 -15.64353 1.279114 -20.58415 0.023634 0.999579 0.016585 0.002988
60.17832 -15.62986 1.298206 -22.00393 0.024026 0.99955 0.017683 0.003131
60.28217 -15.61782 1.320134 -23.42439 0.025476 0.999507 0.018026 0.003376
60.38592 -15.60601 1.342475 -24.84504 0.026411 0.999489 0.017634 0.00364
60.48967 -15.59027 1.362532 -26.26783 0.026181 0.999492 0.017786 0.003849
60.59342 -15.57331 1.381668 -27.68798 0.025927 0.999516 0.016774 0.003813
60.69718 -15.55401 1.401278 -29.11536 0.025375 0.999526 0.016971 0.003863
60.80105 -15.53676 1.423844 -30.54783 0.02516 0.999491 0.019171 0.004143
60.9048 -15.5214 1.450596 -31.97309 0.02635 0.999453 0.019473 0.004434
61.00855 -15.50772 1.474487 -33.39613 0.027725 0.999428 0.018727 0.004875
61.1123 -15.49326 1.496909 -34.81999 0.028702 0.999394 0.018982 0.005208
61.21617 -15.47662 1.519635 -36.24448 0.02938 0.999361 0.019648 0.005381
61.31992 -15.46088 1.542757 -37.66558 0.030372 0.999328 0.019781 0.005472
61.42367 -15.4441 1.566849 -39.08217 0.031487 0.999288 0.020002 0.005626
61.52755 -15.42668 1.593713 -40.49901 0.032386 0.999243 0.020757 0.005804
61.6313 -15.40927 1.621146 -41.91388 0.033319 0.999202 0.021249 0.005844
61.73505 -15.39245 1.647343 -43.32259 0.034463 0.999196 0.019642 0.005852
61.8388 -15.37523 1.670185 -44.72465 0.035666 0.9992 0.017051 0.005978
61.94255 -15.35699 1.68978 -46.13041 0.035966 0.999197 0.016609 0.006064
62.04642 -15.33783 1.710257 -47.53795 0.036055 0.999168 0.018053 0.006106
62.15017 -15.3171 1.733637 -48.94398 0.035848 0.999168 0.018473 0.00611
62.25392 -15.29715 1.757778 -50.3466 0.035636 0.999184 0.018032 0.006025
62.35767 -15.27696 1.78328 -51.7485 0.035729 0.999184 0.017828 0.006044
62.46155 -15.25676 1.808697 -53.15272 0.035388 0.999182 0.018626 0.00602
62.5653 -15.23749 1.833987 -54.54794 0.035655 0.999195 0.017503 0.005684
62.66905 -15.21771 1.859642 -55.9495 0.035155 0.999224 0.016958 0.005269
62.77292 -15.19945 1.883021 -57.35212 0.035041 0.99922 0.017595 0.004723
62.87668 -15.1841 1.905888 -58.75141 0.035479 0.999205 0.017663 0.004356
62.98055 -15.17008 1.927806 -60.15069 0.035969 0.999202 0.016918 0.003897
63.0843 -15.15697 1.949198 -61.54936 0.035797 0.999211 0.016824 0.003526
63.18817 -15.14226 1.969588 -62.95149 0.035494 0.999214 0.017356 0.003107
63.29193 -15.12801 1.98995 -64.35076 0.035124 0.999224 0.017599 0.002684
63.3958 -15.11338 2.0103 -65.75074 0.034537 0.999242 0.017793 0.002305
63.49955 -15.10121 2.031551 -67.14653 0.034523 0.999243 0.017826 0.001972
63.60343 -15.09141 2.052437 -68.53878 0.034463 0.999244 0.017878 0.001781
63.70717 -15.08303 2.071234 -69.93462 0.034938 0.999234 0.017548 0.001763
63.81105 -15.07453 2.08736 -71.32326 0.035187 0.999249 0.016139 0.001939
63.9148 -15.06438 2.102811 -72.70839 0.03518 0.999253 0.015865 0.002055
64.01868 -15.05383 2.117081 -74.09527 0.03559 0.999226 0.016579 0.002312
64.12242 -15.04316 2.130723 -75.47624 0.036383 0.999182 0.017473 0.00268
64.22618 -15.03084 2.146554 -76.85642 0.036866 0.99914 0.018678 0.003226
64.33005 -15.01678 2.16346 -78.22646 0.037233 0.999129 0.018441 0.003823
64.4338 -14.99833 2.179823 -79.59325 0.037154 0.999163 0.016619 0.004147
64.53757 -14.9793 2.191194 -80.9536 0.036233 0.999219 0.015196 0.004314
64.64143 -14.95957 2.200916 -82.31728 0.03557 0.999231 0.015896 0.00436
64.7453 -14.94128 2.214391 -83.68053 0.035618 0.999189 0.018268 0.004357
64.84905 -14.92467 2.232509 -85.03495 0.035873 0.999154 0.019608 0.004395
64.95292 -14.90817 2.250863 -86.38401 0.036184 0.999145 0.019524 0.004345
65.05669 -14.89187 2.268643 -87.72673 0.03622 0.999159 0.01875 0.004161
65.16055 -14.87398 2.282365 -89.0704 0.035894 0.99919 0.017816 0.003738
65.2643 -14.85657 2.296993 -90.40801 0.03534 0.99922 0.017315 0.003279
65.36805 -14.83919 2.311152 -91.74112 0.03475 0.999235 0.017731 0.002776
65.47193 -14.82426 2.326927 -93.07672 0.034608 0.999225 0.018603 0.002454
65.57568 -14.81076 2.341502 -94.40039 0.034605 0.999237 0.017988 0.002079
65.67942 -14.79798 2.357904 -95.72436 0.034602 0.999248 0.017433 0.001789
65.78318 -14.78703 2.374193 -97.04551 0.034698 0.999233 0.018076 0.001442
65.88693 -14.77603 2.389834 -98.36341 0.034433 0.99923 0.018769 0.001091
65.9908 -14.76703 2.407843 -99.6766 0.034373 0.999236 0.018585 0.000582
66.09455 -14.75854 2.426874 -100.9838 0.034565 0.999226 0.018788 0.000186
66.1983 -14.75176 2.444391 -102.2903 0.034612 0.999228 0.018599 -0.000205
66.30208 -14.7441 2.462669 -103.5926 0.03448 0.999233 0.01857 -0.000526
66.40595 -14.7396 2.480363 -104.892 0.034707 0.999225 0.018547 -0.000849
66.50968 -14.73425 2.498308 -106.1858 0.034367 0.999241 0.01828 -0.001164
66.61343 -14.73066 2.514949 -107.4728 0.034334 0.999252 0.01772 -0.001557
66.7173 -14.72824 2.530663 -108.7629 0.034493 0.999259 0.016962 -0.001763
66.82105 -14.72729 2.547386 -110.0459 0.034719 0.999243 0.017415 -0.001984
66.92481 -14.72555 2.56369 -111.3291 0.034568 0.99922 0.018976 -0.001973
67.02868 -14.72479 2.582153 -112.6054 0.035031 0.999217 0.018309 -0.001903
67.13244 -14.72153 2.600374 -113.8771 0.034735 0.999237 0.017748 -0.00177
67.2363 -14.7196 2.617244 -115.1477 0.035063 0.99922 0.018078 -0.001782
67.34005 -14.7178 2.634202 -116.4111 0.035452 0.999202 0.018326 -0.001662
67.44382 -14.71582 2.650909 -117.6691 0.035626 0.999187 0.018793 -0.001472
67.54768 -14.71284 2.667793 -118.9238 0.035447 0.999185 0.019273 -0.001374
67.65155 -14.70983 2.685657 -120.1734 0.03558 0.999186 0.018984 -0.001327
67.7553 -14.70566 2.703911 -121.4141 0.035334 0.999194 0.018986 -0.001317
67.85906 -14.70294 2.719941 -122.6449 0.035387 0.999194 0.018898 -0.001413
67.96293 -14.70054 2.735913 -123.8671 0.035137 0.999207 0.018639 -0.001678
68.06681 -14.69881 2.751503 -125.0815 0.034634 0.999219 0.018888 -0.002323
68.17055 -14.6983 2.767801 -126.2871 0.034068 0.999226 0.019436 -0.002946
68.27443 -14.69852 2.784821 -127.4852 0.033427 0.999238 0.019857 -0.00354
68.37818 -14.70118 2.801395 -128.6704 0.033133 0.999254 0.019375 -0.004209
68.48205 -14.70614 2.817529 -129.8453 0.033246 0.999265 0.018497 -0.004797
68.58593 -14.71233 2.833172 -131.0089 0.033451 0.99926 0.018302 -0.005112
68.68968 -14.71896 2.848691 -132.1621 0.033901 0.999226 0.019297 -0.005121
68.79356 -14.72488 2.863999 -133.2996 0.034179 0.999193 0.020504 -0.005008
68.89743 -14.73334 2.880267 -134.4174 0.03521 0.999149 0.020882 -0.005044
69.00118 -14.74314 2.895211 -135.514 0.036176 0.999123 0.020459 -0.005022
69.10505 -14.74619 2.913166 -136.5942 0.035268 0.999144 0.021008 -0.005186
69.20893 -14.75233 2.928943 -137.6542 0.035337 0.999107 0.022585 -0.005173
69.3128 -14.75847 2.946711 -138.6869 0.035365 0.999104 0.022513 -0.005847
69.41681 -14.76466 2.964758 -139.6957 0.034728 0.999137 0.021728 -0.006818
69.52068 -14.77357 2.979529 -140.6763 0.034516 0.999137 0.021867 -0.007496
69.62456 -14.78487 2.993256 -141.6311 0.035027 0.999108 0.022166 -0.008051
69.72844 -14.79743 3.006784 -142.5562 0.03556 0.99908 0.022428 -0.008435
69.83232 -14.80845 3.020005 -143.4522 0.036002 0.999066 0.022446 -0.008246
69.93632 -14.81802 3.032842 -144.3211 0.036926 0.999047 0.022078 -0.007324
70.04006 -14.8233 3.044707 -145.155 0.038765 0.999009 0.021445 -0.004381
70.14393 -14.81877 3.055661 -145.9633 0.040974 0.998937 0.021084 0.001277
70.24756 -14.79757 3.065594 -146.7445 0.042971 0.998808 0.02079 0.010164
70.35118 -14.75456 3.071965 -147.4992 0.043672 0.998594 0.021067 0.021402
70.45481 -14.68816 3.079106 -148.2245 0.043459 0.99822 0.02241 0.034144
70.55857 -14.59929 3.086043 -148.926 0.042771 0.997625 0.023957 0.048386
70.66218 -14.49202 3.08883 -149.5947 0.042583 0.996758 0.024102 0.063874
70.76581 -14.3642 3.087775 -150.225 0.043204 0.995464 0.022871 0.081619
70.86943 -14.21312 3.08933 -150.8335 0.044168 0.993587 0.020876 0.101974
70.97306 -14.03648 3.090778 -151.4162 0.044785 0.991057 0.019112 0.124237
71.07668 -13.83342 3.086577 -151.9504 0.044708 0.9878 0.018072 0.148077
71.18031 -13.60854 3.07671 -152.4769 0.045251 0.983535 0.017697 0.174062
71.28393 -13.36041 3.06086 -152.9502 0.046202 0.978165 0.017085 0.201908
71.38768 -13.08243 3.04676 -153.424 0.045959 0.971709 0.016024 0.231112
71.49131 -12.77723 3.032264 -153.8743 0.045741 0.964085 0.015263 0.261181
71.59508 -12.44653 3.015235 -154.2672 0.045343 0.955236 0.01458 0.291986
71.69881 -12.0933 2.992923 -154.6664 0.045379 0.945038 0.014186 0.323484
71.80243 -11.71655 2.969218 -155.0328 0.044635 0.933541 0.013667 0.355418
71.9062 -11.31815 2.947184 -155.331 0.044108 0.920354 0.013537 0.388355
72.00981 -10.90107 2.926439 -155.6301 0.043041 0.905752 0.013168 0.421411
72.11368 -10.46589 2.901563 -155.8564 0.040368 0.890199 0.012489 0.453608
72.21745 -10.02043 2.872763 -156.0826 0.038177 0.873755 0.011372 0.484733
72.32131 -9.567123 2.844586 -156.2778 0.036572 0.856256 0.00988 0.515161
72.42518 -9.106293 2.815747 -156.4059 0.036043 0.837705 0.009035 0.544857
72.52906 -8.642035 2.787238 -156.5389 0.036521 0.818151 0.008016 0.573786
72.63293 -8.174402 2.7555 -156.6351 0.036715 0.797751 0.005993 0.601838
72.73695 -7.699412 2.722687 -156.6631 0.036255 0.776492 0.004065 0.629071
72.84082 -7.221458 2.690343 -156.6903 0.034198 0.754067 0.002809 0.655901
72.94481 -6.734167 2.665011 -156.651 0.031358 0.730567 0.004194 0.682108
73.04881 -6.24316 2.64127 -156.6171 0.028594 0.705942 0.007272 0.707655
73.15283 -5.751237 2.615199 -156.5444 0.024261 0.680369 0.010084 0.732399
73.25669 -5.261917 2.593307 -156.3936 0.019163 0.653863 0.012307 0.756271
73.36068 -4.779011 2.569364 -156.2439 0.014384 0.626222 0.013185 0.779401
73.46456 -4.305429 2.552946 -156.0244 0.01251 0.597538 0.01377 0.801625
73.56856 -3.838336 2.542408 -155.8078 0.011754 0.567919 0.014015 0.822881
73.67258 -3.375344 2.534833 -155.5541 0.010234 0.53759 0.015348 0.843005
73.77644 -2.922418 2.530704 -155.2209 0.008118 0.506672 0.016769 0.861937
73.88045 -2.480572 2.522617 -154.8906 0.00606 0.475154 0.017762 0.879702
73.98444 -2.057963 2.510377 -154.4839 0.004332 0.443529 0.017384 0.896081
74.08844 -1.653879 2.499815 -154.0795 0.003999 0.412271 0.01608 0.910911
74.19256 -1.268487 2.493093 -153.6401 0.005455 0.381278 0.015449 0.924315
74.29656 -0.8983582 2.487045 -153.1409 0.007393 0.350822 0.015744 0.936281
74.40068 -0.5510777 2.478814 -152.6325 0.007739 0.320497 0.01563 0.947089
74.50481 -0.2261366 2.467171 -152.0606 0.006442 0.289913 0.015501 0.956906
74.60881 0.06230717 2.456904 -151.4836 0.004622 0.258334 0.014587 0.965935
74.71282 0.323482 2.446327 -150.8797 0.004073 0.226303 0.015079 0.973932
74.81693 0.5523554 2.433161 -150.2166 0.002872 0.194726 0.014444 0.980747
74.92108 0.7484821 2.422189 -149.5497 0.001981 0.1654 0.01358 0.986131
75.0252 0.9129124 2.410623 -148.838 0.002062 0.138765 0.010586 0.990267
75.12956 1.04825 2.40293 -148.1125 0.002512 0.115185 0.007457 0.993313
75.23381 1.163229 2.393425 -147.3483 0.002584 0.09441 0.004726 0.995519
75.33819 1.265054 2.383452 -146.5668 0.001993 0.076155 0.004479 0.997084
75.44256 1.348496 2.371923 -145.7604 0.001058 0.059282 0.004331 0.998231
75.54693 1.40767 2.359471 -144.9267 0.000538 0.043973 0.003792 0.999025
75.65131 1.44478 2.346915 -144.0738 0.00045 0.03064 0.002177 0.999528
75.75568 1.463451 2.332663 -143.1977 0.000735 0.019556 -0.000284 0.999808
75.86022 1.469675 2.319985 -142.3032 0.001251 0.011616 -0.00287 0.999928
75.96471 1.468738 2.305914 -141.3867 0.001907 0.006754 -0.005444 0.999961
76.06919 1.471319 2.290968 -140.4509 0.001876 0.004853 -0.007185 0.999961
76.17371 1.479967 2.274698 -139.4923 0.001496 0.004389 -0.007636 0.99996
76.27806 1.489345 2.260154 -138.5154 0.000882 0.00392 -0.006994 0.999967
76.38246 1.499366 2.246738 -137.5181 0.000409 0.003326 -0.006701 0.999972
76.48681 1.504842 2.234017 -136.5045 0.000493 0.002475 -0.00588 0.99998
76.59106 1.505414 2.220167 -135.4735 0.000797 0.001323 -0.006064 0.99998
76.69531 1.504501 2.205688 -134.4219 0.000365 0.000345 -0.005863 0.999983
76.79944 1.503329 2.190202 -133.3518 -0.000899 -0.000556 -0.005861 0.999982
76.90356 1.501627 2.17614 -132.2648 -0.00146 -0.001493 -0.005086 0.999985
77.00769 1.49856 2.159629 -131.1603 -0.000746 -0.002299 -0.00492 0.999985
77.11181 1.49165 2.144473 -130.039 9.9e-05 -0.002916 -0.004526 0.999986
77.21594 1.48238 2.128143 -128.8996 0.000166 -0.003529 -0.004412 0.999984
77.32006 1.470024 2.111152 -127.7441 0.000184 -0.003895 -0.004861 0.999981
77.42406 1.458443 2.092643 -126.5764 0.000647 -0.004085 -0.005129 0.999978
77.52819 1.447721 2.073753 -125.3883 0.001087 -0.004054 -0.005117 0.999978
77.63219 1.436723 2.053638 -124.185 0.000727 -0.003736 -0.005368 0.999978
77.73619 1.426398 2.032685 -122.9654 0.000476 -0.003265 -0.005423 0.99998
77.84019 1.41804 2.009877 -121.7344 0.001345 -0.002524 -0.005687 0.99998
77.94421 1.413177 1.9844 -120.4917 0.003176 -0.001592 -0.005829 0.999977
78.04806 1.410381 1.956743 -119.2315 0.004498 -0.000738 -0.005508 0.999974
78.15207 1.407398 1.927293 -117.9509 0.004733 -0.000234 -0.00474 0.999978
78.25594 1.405768 1.897027 -116.6572 0.004342 -0.000294 -0.004156 0.999982
78.35982 1.402662 1.864276 -115.3483 0.004253 -0.000827 -0.003623 0.999984
78.46369 1.396732 1.832056 -114.0291 0.005794 -0.00145 -0.003705 0.999975
78.56758 1.385028 1.800206 -112.695 0.006476 -0.002653 -0.003704 0.999969
78.67132 1.369687 1.767521 -111.3405 0.005873 -0.004182 -0.003917 0.999966
78.77519 1.351798 1.734254 -109.9726 0.00498 -0.005466 -0.003552 0.999966
78.87906 1.330549 1.700357 -108.5928 0.005118 -0.006154 -0.004091 0.99996
78.98294 1.30829 1.668467 -107.2003 0.005715 -0.006768 -0.003941 0.999953
79.08681 1.284827 1.635925 -105.7911 0.005952 -0.007368 -0.003529 0.999949
79.19069 1.259616 1.601652 -104.3679 0.006679 -0.007843 -0.003546 0.999941
79.29444 1.230259 1.565326 -102.9321 0.006803 -0.008361 -0.004438 0.999932
79.39831 1.202212 1.530047 -101.4787 0.006095 -0.008456 -0.004234 0.999937
79.5022 1.170075 1.495851 -100.0076 0.00467 -0.008266 -0.005189 0.999941
79.60606 1.142136 1.46328 -98.52911 0.003633 -0.008035 -0.005277 0.999947
79.70994 1.115543 1.436157 -97.02601 0.002484 -0.007886 -0.004793 0.999954
79.81382 1.089274 1.41068 -95.51571 -0.000592 -0.007657 -0.005088 0.999958
79.91756 1.062982 1.390693 -94.00229 -0.003416 -0.007537 -0.005251 0.999952
80.02146 1.036568 1.374673 -92.49143 -0.00485 -0.007543 -0.005627 0.999944
80.12519 1.009148 1.361424 -90.98226 -0.005878 -0.007551 -0.006516 0.999933
80.22894 0.984734 1.348472 -89.47609 -0.006265 -0.007604 -0.006244 0.999932
80.33281 0.9616474 1.333401 -87.97323 -0.005387 -0.007797 -0.005994 0.999937
80.43667 0.9399983 1.316473 -86.4669 -0.004104 -0.007566 -0.005619 0.999947
80.54044 0.9191412 1.298308 -84.96724 -0.004028 -0.007131 -0.005318 0.999952
80.64432 0.8995469 1.282847 -83.45436 -0.005413 -0.006635 -0.005435 0.999949
80.7481 0.8834484 1.268237 -81.9495 -0.00534 -0.006328 -0.004547 0.999955
80.85196 0.8679533 1.25271 -80.44554 -0.004462 -0.00608 -0.004435 0.999962
80.9557 0.8520469 1.234831 -78.9424 -0.004357 -0.005758 -0.004286 0.999965
81.05944 0.8381739 1.219714 -77.4396 -0.005457 -0.00551 -0.004004 0.999962
81.16321 0.8255732 1.207956 -75.93444 -0.006555 -0.005195 -0.003519 0.999959
81.26694 0.8134235 1.199179 -74.432 -0.007353 -0.005198 -0.00327 0.999954
81.3707 0.8003155 1.189369 -72.93636 -0.006926 -0.005424 -0.003044 0.999957
81.47457 0.7849788 1.176896 -71.44336 -0.004668 -0.005717 -0.003192 0.999968
81.57833 0.763954 1.1606 -69.956 -0.003407 -0.006065 -0.004799 0.999964
81.68207 0.7450432 1.144297 -68.4626 -0.004373 -0.006271 -0.005373 0.999956
81.78594 0.7252411 1.128317 -66.97132 -0.005164 -0.006419 -0.006049 0.999948
81.8897 0.710763 1.111896 -65.48911 -0.003828 -0.006688 -0.004597 0.99996
81.99344 0.6946295 1.096104 -64.00515 -0.004096 -0.007123 -0.004022 0.999958
82.09731 0.6777408 1.080622 -62.52551 -0.005765 -0.007473 -0.003541 0.999949
82.20107 0.6587746 1.067484 -61.04536 -0.005049 -0.008019 -0.00309 0.99995
82.30484 0.6370383 1.049226 -59.57557 -0.002893 -0.008685 -0.002857 0.999954
82.40857 0.6135026 1.030981 -58.10346 -0.003293 -0.0093 -0.00255 0.999948
82.51244 0.5856644 1.015669 -56.62762 -0.005839 -0.009924 -0.002576 0.99993
82.61621 0.5571177 1.005763 -55.1606 -0.005845 -0.010584 -0.002417 0.999924
82.71996 0.5253982 0.9957028 -53.69802 -0.005217 -0.01102 -0.002654 0.999922
82.82382 0.4907091 0.9846881 -52.23668 -0.005301 -0.011003 -0.003265 0.99992
82.92757 0.4561315 0.9709516 -50.77854 -0.005355 -0.011046 -0.003924 0.999917
83.03144 0.4235407 0.9558653 -49.32287 -0.005145 -0.011134 -0.003969 0.999917
83.13519 0.3928533 0.9391869 -47.8694 -0.00473 -0.011112 -0.003809 0.99992
83.23894 0.3621644 0.9230089 -46.41797 -0.00477 -0.010865 -0.003485 0.999924
83.34282 0.3335672 0.9069681 -44.96842 -0.004814 -0.010626 -0.002966 0.999928
83.44657 0.3070324 0.8911135 -43.52559 -0.00482 -0.010332 -0.002222 0.999933
83.55044 0.2806278 0.8754699 -42.07912 -0.005648 -0.009944 -0.001855 0.999933
83.65432 0.254373 0.8594365 -40.63656 -0.005674 -0.009498 -0.001956 0.999937
83.75819 0.2281179 0.8436096 -39.19717 -0.005004 -0.009173 -0.002202 0.999943
83.86207 0.202969 0.8253285 -37.76252 -0.004018 -0.008741 -0.002467 0.999951
83.96595 0.1777994 0.806336 -36.32796 -0.003703 -0.008282 -0.003064 0.999954
84.06985 0.1537249 0.7865138 -34.89508 -0.004884 -0.007853 -0.004033 0.999949
84.17369 0.132669 0.7682861 -33.46381 -0.005738 -0.007367 -0.004411 0.999947
84.27769 0.1133742 0.7522313 -32.03604 -0.005605 -0.006801 -0.004594 0.999951
84.38159 0.09746084 0.735284 -30.61396 -0.004806 -0.006211 -0.004712 0.999958
84.48544 0.0848288 0.7168959 -29.19399 -0.003577 -0.005474 -0.004171 0.99997
84.58932 0.07224084 0.6980984 -27.77753 -0.004053 -0.004825 -0.004254 0.999971
84.6932 0.06062565 0.6785993 -26.35596 -0.005115 -0.004118 -0.004555 0.999968
84.79707 0.05256871 0.6586934 -24.94768 -0.002759 -0.003384 -0.004543 0.99998
84.90094 0.04390241 0.6329309 -23.54342 5.8e-05 -0.002764 -0.005484 0.999981
85.00482 0.03720921 0.6021743 -22.13989 0.001202 -0.002177 -0.00605 0.999979
85.10871 0.03232865 0.5653751 -20.73844 0.0018 -0.001698 -0.005948 0.999979
85.21245 0.02925888 0.5295576 -19.34063 0.001791 -0.001313 -0.005693 0.999981
85.31633 0.02669736 0.4947389 -17.94366 0.000958 -0.001143 -0.005377 0.999984
85.42019 0.02516131 0.4624741 -16.55026 -7.8e-05 -0.00095 -0.004945 0.999987
85.52396 0.02416042 0.4312538 -15.16614 -0.000234 -0.000839 -0.004328 0.99999
85.62782 0.02354535 0.3987551 -13.78259 0.000784 -0.001044 -0.003904 0.999992
85.73159 0.02158789 0.3670075 -12.40382 0.001183 -0.001348 -0.003511 0.999992
85.83532 0.01528089 0.3343854 -11.02737 0.000638 -0.001848 -0.004114 0.99999
85.93907 0.008955879 0.3016035 -9.654739 0.000202 -0.002454 -0.004057 0.999989
86.04282 -0.0005365659 0.2716196 -8.285137 5.6e-05 -0.003129 -0.004392 0.999985
86.14669 -0.009785478 0.2414501 -6.914129 -0.000569 -0.003682 -0.004214 0.999984
86.25046 -0.0204447 0.2108318 -5.548032 0.000342 -0.004227 -0.003851 0.999984
86.35421 -0.0311414 0.1812868 -4.183286 0.001218 -0.004389 -0.003416 0.999984
86.45807 -0.04437224 0.1473329 -2.818515 0.001589 -0.004531 -0.003566 0.999982
86.56182 -0.05789727 0.1134699 -1.456295 0.00145 -0.004713 -0.003811 0.999981
86.66569 -0.07289734 0.07816926 -0.09070031 0.000937 -0.004853 -0.004099 0.999979
86.76945 -0.08864261 0.04590358 1.269419 0.001378 -0.004915 -0.004518 0.999977
86.8732 -0.1031707 0.0117715 2.629005 0.001355 -0.005052 -0.004743 0.999975
86.97695 -0.1175645 -0.02016324 3.988036 0.001119 -0.005156 -0.004849 0.999974
87.0807 -0.1318827 -0.0534628 5.344099 0.001198 -0.005229 -0.004992 0.999973
87.18457 -0.1458828 -0.08812058 6.704415 0.001389 -0.005329 -0.004752 0.999974
87.28832 -0.1601769 -0.1221722 8.059835 0.001681 -0.005405 -0.004793 0.999972
87.39207 -0.175095 -0.1546373 9.415895 0.0011 -0.00542 -0.004731 0.999974
87.49583 -0.1926087 -0.1870422 10.77107 0.000471 -0.005367 -0.005601 0.99997
87.59969 -0.2081545 -0.2207459 12.12317 0.000656 -0.005364 -0.005486 0.99997
87.70345 -0.223104 -0.2534493 13.47733 0.001075 -0.005299 -0.005484 0.99997
87.80732 -0.235533 -0.2892015 14.83032 0.001109 -0.005226 -0.005289 0.999972
87.91107 -0.2482197 -0.3237106 16.18093 0.001079 -0.005256 -0.005378 0.999971
88.01495 -0.2588532 -0.3582793 17.53356 0.000741 -0.005235 -0.004867 0.999974
88.1187 -0.2709142 -0.3936047 18.88305 0.000537 -0.00509 -0.004803 0.999975
88.22259 -0.2833573 -0.4284891 20.2333 0.00078 -0.005096 -0.004867 0.999975
88.32632 -0.2952092 -0.463001 21.58016 0.001318 -0.005133 -0.00472 0.999975
88.4302 -0.3094675 -0.4966128 22.92653 0.001066 -0.005337 -0.005059 0.999972
88.53407 -0.3233764 -0.5315032 24.27308 0.000967 -0.005495 -0.004997 0.999972
88.63782 -0.3380715 -0.5652421 25.61353 0.001144 -0.005753 -0.005078 0.99997
88.74158 -0.3534582 -0.5991642 26.95489 0.000409 -0.005984 -0.004974 0.99997
88.84545 -0.3674572 -0.630802 28.29306 -0.000301 -0.006067 -0.004497 0.999971
88.9492 -0.3836725 -0.6611411 29.62384 5.2e-05 -0.005999 -0.004546 0.999972
89.05295 -0.3976799 -0.6925713 30.9509 0.00057 -0.005822 -0.004075 0.999975
89.1568 -0.4139985 -0.7240355 32.28248 0.000705 -0.005652 -0.00443 0.999974
89.26059 -0.4270073 -0.7566562 33.60651 0.000435 -0.005392 -0.004122 0.999977
89.36432 -0.4397568 -0.7887161 34.92691 0.000111 -0.005138 -0.003742 0.99998
89.46809 -0.4515375 -0.8206355 36.24336 0.000185 -0.004936 -0.003629 0.999981
89.57183 -0.4615286 -0.8517037 37.55497 9.2e-05 -0.004804 -0.002955 0.999984
89.67557 -0.4718552 -0.882457 38.86652 -0.000342 -0.004715 -0.002535 0.999986
89.77934 -0.4839122 -0.9115305 40.17377 -0.000916 -0.004905 -0.00225 0.999985
89.8832 -0.4974895 -0.9403596 41.48016 -0.001076 -0.005407 -0.002198 0.999982
89.98695 -0.5125043 -0.9685698 42.77845 -0.000948 -0.005994 -0.0024 0.999979
90.0907 -0.5346231 -0.9956525 44.07602 -0.001498 -0.006512 -0.003776 0.999971
90.19445 -0.5552041 -1.019285 45.37317 -0.00315 -0.006873 -0.004012 0.999963
90.29833 -0.5782583 -1.038533 46.6701 -0.005003 -0.007206 -0.00449 0.999951
90.40208 -0.5999916 -1.053627 47.96111 -0.006654 -0.007601 -0.004643 0.999938
90.50595 -0.6230983 -1.066505 49.24944 -0.007457 -0.008143 -0.0048 0.999928
90.6097 -0.6456359 -1.075808 50.52765 -0.006377 -0.008587 -0.003915 0.999935
90.71357 -0.6740058 -1.087279 51.81041 -0.00542 -0.009075 -0.004599 0.999934
90.81732 -0.7020633 -1.100738 53.08722 -0.005077 -0.009626 -0.004905 0.999929
90.92107 -0.7311397 -1.115793 54.3609 -0.005101 -0.010192 -0.00531 0.999921
91.02484 -0.7624769 -1.130431 55.62948 -0.004464 -0.010709 -0.00544 0.999918
91.1287 -0.7942812 -1.144783 56.90157 -0.004939 -0.011257 -0.00555 0.999909
91.23245 -0.8268987 -1.159941 58.17085 -0.005319 -0.011771 -0.005496 0.999901
91.33622 -0.8597866 -1.174664 59.43408 -0.005257 -0.012166 -0.005606 0.999896
91.43995 -0.8950914 -1.188757 60.69463 -0.005053 -0.012494 -0.005811 0.999892
91.5437 -0.9282884 -1.203865 61.94931 -0.004927 -0.012749 -0.005462 0.999892
91.6476 -0.9621792 -1.218811 63.2074 -0.004461 -0.013099 -0.004716 0.999893
91.75121 -0.9961734 -1.23409 64.45843 -0.00453 -0.013519 -0.004285 0.999889
91.85508 -1.031828 -1.250518 65.71017 -0.005361 -0.013889 -0.004253 0.99988
91.95883 -1.068654 -1.267809 66.9537 -0.004928 -0.014137 -0.004515 0.999878
92.06258 -1.107414 -1.284607 68.19143 -0.004 -0.014275 -0.005376 0.999876
92.16632 -1.148265 -1.303043 69.43308 -0.00416 -0.014287 -0.006547 0.999868
92.27007 -1.188155 -1.321203 70.66875 -0.004179 -0.014125 -0.007795 0.999861
92.37383 -1.227083 -1.338073 71.90028 -0.004326 -0.01361 -0.008831 0.999859
92.47758 -1.261385 -1.354666 73.12719 -0.00522 -0.012648 -0.008917 0.999867
92.58132 -1.293464 -1.370635 74.34109 -0.005907 -0.011802 -0.009381 0.999869
92.68507 -1.318225 -1.387753 75.54359 -0.005769 -0.01107 -0.008292 0.999888
92.78883 -1.337076 -1.406295 76.72276 -0.003368 -0.01022 -0.006731 0.999919
92.89258 -1.359396 -1.424263 77.88694 -0.00361 -0.009106 -0.007402 0.999925
92.99632 -1.377966 -1.443308 79.03738 -0.006266 -0.007706 -0.00733 0.999924
93.1002 -1.3923 -1.459771 80.1599 -0.006481 -0.00619 -0.007726 0.99993
93.20395 -1.402951 -1.475612 81.26768 -0.00471 -0.004338 -0.007857 0.999949
93.30783 -1.407266 -1.495464 82.36682 -0.002136 -0.002846 -0.007426 0.999966
93.41158 -1.406566 -1.518542 83.4619 0.00073 -0.001416 -0.006515 0.999978
93.51545 -1.402636 -1.542197 84.55751 0.001728 -0.000197 -0.005636 0.999983
93.6192 -1.397294 -1.566145 85.65524 0.000588 0.000676 -0.004943 0.999987
93.72308 -1.394094 -1.587213 86.75113 -0.000639 0.001287 -0.005112 0.999986
93.82683 -1.391329 -1.608126 87.83653 -0.00018 0.001787 -0.005164 0.999985
93.9307 -1.385563 -1.630039 88.91917 0.000983 0.00224 -0.005172 0.999984
94.03458 -1.3802 -1.654701 89.99811 0.001394 0.00269 -0.00541 0.999981
94.13845 -1.372397 -1.681009 91.07568 0.000368 0.002968 -0.005271 0.999982
94.24233 -1.363832 -1.705257 92.14962 -0.000449 0.002948 -0.004646 0.999985
94.3462 -1.356111 -1.726171 93.21864 -0.000848 0.002762 -0.004092 0.999987
94.45009 -1.348852 -1.747689 94.28214 -0.001334 0.002053 -0.003167 0.999992
94.55395 -1.343107 -1.769082 95.34468 -0.001397 0.00056 -0.002096 0.999997
94.65771 -1.341283 -1.790649 96.39851 -0.000358 -0.001282 -0.000976 0.999999
94.76158 -1.346362 -1.812458 97.45206 0.0014 -0.003135 -0.00082 0.999994
94.86546 -1.357998 -1.835038 98.50801 0.003347 -0.005019 -0.001193 0.999981
94.96933 -1.375059 -1.861895 99.57007 0.003911 -0.007236 -0.001668 0.999965
95.0732 -1.397412 -1.887691 100.6364 0.003283 -0.00985 -0.001819 0.999944
95.17695 -1.426691 -1.913252 101.7103 0.002425 -0.013014 -0.002196 0.99991
95.28083 -1.463118 -1.9392 102.7874 0.001838 -0.016495 -0.002078 0.99986
95.3847 -1.507808 -1.964419 103.8682 0.001672 -0.020162 -0.00244 0.999792
95.48858 -1.561792 -1.988222 104.9566 0.001109 -0.023291 -0.003341 0.999723
95.59247 -1.62272 -2.010967 106.0502 0.000446 -0.025438 -0.005076 0.999663
95.69633 -1.686244 -2.034406 107.1475 0.000663 -0.026132 -0.007102 0.999633
95.80033 -1.748773 -2.056669 108.2514 0.001182 -0.025289 -0.009431 0.999635
95.90433 -1.806035 -2.079756 109.3616 0.001749 -0.023191 -0.011367 0.999665
96.00846 -1.855701 -2.102084 110.4821 0.001516 -0.020389 -0.012571 0.999712
96.11245 -1.897032 -2.123092 111.6084 0.000809 -0.017057 -0.01343 0.999764
96.2166 -1.928092 -2.145152 112.7436 0.000579 -0.013048 -0.013891 0.999818
96.32058 -1.949092 -2.166434 113.8811 0.001054 -0.008388 -0.014467 0.99986
96.42472 -1.958712 -2.18791 115.0263 0.001584 -0.003459 -0.014767 0.999884
96.5287 -1.956136 -2.210288 116.1788 0.001746 0.001216 -0.014418 0.999894
96.63283 -1.940135 -2.235787 117.3414 0.002236 0.005979 -0.013903 0.999883
96.73683 -1.913209 -2.261146 118.5076 0.00268 0.010663 -0.01285 0.999857
96.84083 -1.87627 -2.286958 119.6839 0.00256 0.0148 -0.012349 0.999811
96.94485 -1.83308 -2.31212 120.8659 0.002039 0.018322 -0.012082 0.999757
97.04871 -1.781388 -2.338144 122.056 0.001605 0.021298 -0.012115 0.999698
97.15272 -1.725066 -2.362701 123.2581 0.001281 0.023964 -0.012813 0.99963
97.25658 -1.665951 -2.387598 124.4659 0.000955 0.026316 -0.014094 0.999554
97.36058 -1.602097 -2.410925 125.6836 0.000786 0.02824 -0.015452 0.999481
97.46446 -1.529042 -2.432251 126.9096 6.7e-05 0.029771 -0.015246 0.99944
97.56833 -1.45419 -2.455779 128.1428 -0.00013 0.03051 -0.015218 0.999419
97.67221 -1.374919 -2.480551 129.3864 0.002247 0.03055 -0.014137 0.999431
97.77608 -1.29261 -2.504395 130.6411 0.002739 0.030065 -0.011882 0.999474
97.87984 -1.212752 -2.530425 131.9105 0.001087 0.028982 -0.00986 0.999531
97.98358 -1.135332 -2.552624 133.1888 0.000452 0.027289 -0.007589 0.999599
98.08747 -1.063477 -2.571936 134.4809 -0.000726 0.024814 -0.005371 0.999677
98.19108 -0.9982536 -2.593743 135.7808 -0.001043 0.021643 -0.002985 0.999761
98.29484 -0.9419915 -2.613858 137.0887 -0.000221 0.018253 -0.001041 0.999833
98.3987 -0.8957984 -2.63369 138.414 -0.000269 0.014978 0.000188 0.999888
98.50247 -0.86007 -2.654048 139.7491 -0.000737 0.0118 0.000562 0.99993
98.6062 -0.8326782 -2.674907 141.0912 -0.001304 0.009017 0.000407 0.999958
98.70996 -0.8166247 -2.693332 142.4513 -0.00231 0.00638 -0.000463 0.999977
98.81383 -0.8082126 -2.711653 143.8175 -0.001885 0.003708 -0.001019 0.999991
98.91758 -0.8063071 -2.728963 145.1909 -0.000388 0.001106 -0.001457 0.999998
99.02133 -0.8107742 -2.750987 146.5742 0.000628 -0.001321 -0.002041 0.999997
99.12508 -0.8181994 -2.779541 147.9621 0.002813 -0.003197 -0.002062 0.999989
99.22896 -0.8311338 -2.811042 149.3663 0.004647 -0.004329 -0.00274 0.999976
99.33271 -0.8465134 -2.846681 150.7791 0.005046 -0.005125 -0.003115 0.999969
99.43658 -0.8636978 -2.884423 152.2017 0.004738 -0.005943 -0.003366 0.999965
99.54033 -0.8818614 -2.922677 153.6297 0.004168 -0.006655 -0.003614 0.999963
99.64408 -0.903141 -2.959476 155.0655 0.003302 -0.007406 -0.003988 0.999959
99.74796 -0.9252286 -2.995496 156.5082 0.002671 -0.008131 -0.004025 0.999955
99.85171 -0.9505879 -3.030265 157.949 0.002 -0.008984 -0.004365 0.999948
99.95546 -0.9765171 -3.064935 159.3917 0.000902 -0.009855 -0.004179 0.999942
100.0592 -1.007339 -3.096653 160.8317 0.00022 -0.010776 -0.004606 0.999931
100.163 -1.039444 -3.129506 162.2714 0.000598 -0.011648 -0.004852 0.99992
100.2668 -1.075629 -3.162047 163.7088 0.001085 -0.012282 -0.005455 0.999909
100.3706 -1.112662 -3.196968 165.1447 0.001362 -0.012657 -0.005832 0.999902
100.4744 -1.150964 -3.232057 166.5807 0.002245 -0.012778 -0.006278 0.999896
100.5782 -1.188887 -3.267867 168.0142 0.002388 -0.012699 -0.006796 0.999893
100.682 -1.225583 -3.303343 169.4545 0.001358 -0.012523 -0.006949 0.999897
100.7857 -1.262468 -3.337774 170.8876 0.000638 -0.012307 -0.007021 0.999899
100.8896 -1.297634 -3.371687 172.3194 0.000372 -0.01199 -0.007104 0.999903
100.9933 -1.333194 -3.40556 173.7467 0.000266 -0.011575 -0.00764 0.999904
101.0972 -1.366304 -3.44042 175.1688 0.000707 -0.011072 -0.00795 0.999907
101.201 -1.398479 -3.475354 176.5929 0.000842 -0.010503 -0.008374 0.999909
101.3047 -1.427528 -3.511715 178.0112 0.001333 -0.00979 -0.008314 0.999917
101.4085 -1.453391 -3.547073 179.4251 0.002185 -0.009117 -0.007607 0.999927
101.5123 -1.476326 -3.583634 180.8386 0.002101 -0.008429 -0.006402 0.999942
101.6161 -1.498241 -3.619675 182.2502 0.00079 -0.007778 -0.005712 0.999953
101.7198 -1.51887 -3.652469 183.6608 -0.001351 -0.007005 -0.005387 0.99996
101.8236 -1.539735 -3.680137 185.0616 -0.000887 -0.006221 -0.005868 0.999963
101.9273 -1.559212 -3.708117 186.4556 0.000566 -0.005412 -0.006506 0.999964
102.0311 -1.576113 -3.742055 187.8484 0.001258 -0.004826 -0.006558 0.999966
102.1348 -1.590302 -3.777663 189.2418 0.001287 -0.004195 -0.00645 0.99997
102.2387 -1.603074 -3.811744 190.6344 0.000236 -0.00383 -0.006074 0.999974
102.3425 -1.613327 -3.843743 192.0206 -0.000689 -0.00369 -0.00526 0.999979
102.4462 -1.623756 -3.875123 193.4008 -0.000414 -0.003698 -0.004607 0.999982
102.55 -1.633867 -3.905876 194.7764 0.000433 -0.003829 -0.003846 0.999985
102.6537 -1.645539 -3.93893 196.1509 0.001185 -0.003987 -0.003825 0.999984
102.7576 -1.657445 -3.973595 197.5229 0.001508 -0.004088 -0.003631 0.999984
102.8613 -1.669867 -4.009132 198.8896 0.000865 -0.004149 -0.003963 0.999983
102.9651 -1.682304 -4.042827 200.2547 0.000119 -0.004241 -0.004065 0.999983
103.0688 -1.694878 -4.074851 201.611 -1.9e-05 -0.004352 -0.00417 0.999982
103.1726 -1.705984 -4.106859 202.9698 -0.000222 -0.00441 -0.004302 0.999981
103.2765 -1.717412 -4.139885 204.3226 -0.000229 -0.004371 -0.00465 0.99998
103.3802 -1.727574 -4.171862 205.6689 7.5e-05 -0.004468 -0.0047 0.999979
103.484 -1.737778 -4.204811 207.0122 0.000284 -0.00456 -0.004548 0.999979
103.5877 -1.746442 -4.238781 208.3506 0.000665 -0.004623 -0.00433 0.99998
103.6916 -1.757196 -4.270954 209.6908 0.000293 -0.00466 -0.004343 0.99998
103.7954 -1.768399 -4.303818 211.0251 -5.7e-05 -0.004771 -0.00459 0.999978
103.8991 -1.780005 -4.335485 212.3505 9.6e-05 -0.004914 -0.004376 0.999978
104.0027 -1.792488 -4.366042 213.6668 1.2e-05 -0.005214 -0.00425 0.999977
104.1065 -1.802728 -4.397364 214.9667 -0.000679 -0.005687 -0.003677 0.999977
104.2102 -1.814957 -4.428604 216.2478 -0.001703 -0.006452 -0.003629 0.999971
104.314 -1.826714 -4.458316 217.5072 -0.002835 -0.007217 -0.003148 0.999965
104.4178 -1.842513 -4.486884 218.7426 -0.004064 -0.007936 -0.003435 0.999954
104.5216 -1.859734 -4.515014 219.9508 -0.004085 -0.00866 -0.00393 0.999946
104.6253 -1.87789 -4.540479 221.1287 -0.003589 -0.009397 -0.003951 0.999942
104.7292 -1.895168 -4.569335 222.2852 -0.003808 -0.010528 -0.003736 0.99993
104.833 -1.917244 -4.598297 223.4108 -0.003686 -0.012197 -0.003731 0.999912
104.9367 -1.94167 -4.625178 224.5051 -0.003447 -0.014079 -0.003321 0.999889
105.0405 -1.971966 -4.651833 225.5672 -0.003294 -0.015842 -0.00376 0.999862
105.1443 -2.004581 -4.679495 226.6035 -0.003122 -0.017277 -0.004077 0.999838
105.2481 -2.040151 -4.706339 227.6035 -0.003251 -0.018346 -0.005226 0.999813
105.352 -2.073778 -4.731016 228.5742 -0.003875 -0.019036 -0.005212 0.999798
105.4558 -2.106014 -4.755443 229.5125 -0.004798 -0.019722 -0.005217 0.99978
105.5596 -2.139617 -4.778138 230.4146 -0.005032 -0.020433 -0.005142 0.999765
105.6635 -2.17419 -4.799162 231.2868 -0.004955 -0.021291 -0.005309 0.999747
105.7673 -2.207888 -4.818374 232.1263 -0.00474 -0.022262 -0.004982 0.999729
105.8712 -2.243669 -4.838575 232.9333 -0.003936 -0.023151 -0.00555 0.999709
105.9752 -2.280068 -4.860372 233.7189 -0.002673 -0.023463 -0.006345 0.999701
106.0791 -2.314971 -4.881633 234.4921 -0.000665 -0.022849 -0.007146 0.999713
106.1831 -2.346879 -4.903083 235.2654 0.001022 -0.021013 -0.007988 0.999747
106.2871 -2.372559 -4.923693 236.0372 0.001543 -0.018579 -0.007864 0.999795
106.3911 -2.391165 -4.943065 236.8075 0.00119 -0.01645 -0.007098 0.999839
106.4951 -2.40634 -4.961684 237.5762 0.000618 -0.014398 -0.006244 0.999877
106.5991 -2.42154 -4.979606 238.3384 9.6e-05 -0.012247 -0.005589 0.999909
106.7031 -2.438172 -4.997815 239.1021 -3.8e-05 -0.009969 -0.005596 0.999935
106.8071 -2.449188 -5.01612 239.8593 5.1e-05 -0.007698 -0.005438 0.999956
106.9111 -2.457471 -5.032857 240.6138 8.4e-05 -0.005598 -0.00546 0.999969
107.0151 -2.464848 -5.049016 241.3652 -9.6e-05 -0.003692 -0.005483 0.999978
107.119 -2.471118 -5.064022 242.113 -0.00061 -0.001905 -0.005382 0.999984
107.223 -2.47794 -5.076752 242.8585 -0.001278 -0.00033 -0.005517 0.999984
107.327 -2.481229 -5.090455 243.6012 -0.00151 0.000628 -0.005147 0.999985
107.431 -2.485941 -5.103671 244.3383 -0.000994 0.001176 -0.004915 0.999987
107.535 -2.487604 -5.118722 245.0752 0.000353 0.001583 -0.004986 0.999986
107.639 -2.493249 -5.131839 245.8164 0.002255 0.001959 -0.005437 0.999981
107.7428 -2.49473 -5.147361 246.5623 0.003359 0.002183 -0.005436 0.999977
107.8468 -2.497272 -5.164438 247.3157 0.003406 0.001963 -0.005024 0.99998
107.9508 -2.498606 -5.182585 248.0723 0.003202 0.001691 -0.004732 0.999982
108.0548 -2.503085 -5.199298 248.8329 0.003078 0.00137 -0.005241 0.999981
108.1588 -2.506486 -5.218219 249.5991 0.003828 0.001093 -0.005412 0.999977
108.2629 -2.508505 -5.237784 250.3665 0.005046 0.001275 -0.004583 0.999976
108.3668 -2.505563 -5.256841 251.1395 0.00594 0.001671 -0.003225 0.999976
108.4708 -2.503453 -5.273084 251.9216 0.004852 0.002278 -0.00263 0.999982
108.5748 -2.508541 -5.289235 252.7116 0.00191 0.002743 -0.004712 0.999983
108.6788 -2.507121 -5.306929 253.5088 -0.001085 0.003449 -0.004825 0.999982
108.7829 -2.498934 -5.321532 254.3037 -0.00096 0.004397 -0.003815 0.999983
108.887 -2.491981 -5.336196 255.099 0.002062 0.005961 -0.003995 0.999972
108.991 -2.485561 -5.351123 255.9 0.004517 0.007518 -0.004797 0.99995
109.095 -2.475778 -5.3702 256.7068 0.004923 0.008675 -0.005612 0.999934
109.199 -2.461593 -5.39272 257.5259 0.004126 0.009835 -0.005563 0.999928
109.303 -2.442073 -5.414196 258.3481 0.002858 0.010872 -0.004415 0.999927
109.407 -2.418788 -5.432422 259.1759 0.002208 0.011741 -0.002615 0.999925
109.511 -2.398099 -5.451575 260.0072 0.002556 0.012753 -0.002303 0.999913
109.615 -2.3794 -5.472421 260.8436 0.003721 0.013703 -0.003261 0.999894
109.719 -2.357178 -5.492976 261.6878 0.005393 0.014411 -0.003967 0.999874
109.823 -2.331649 -5.513461 262.5408 0.006391 0.01519 -0.004088 0.999856
109.927 -2.305211 -5.536213 263.4078 0.005621 0.01619 -0.004539 0.999843
110.031 -2.278446 -5.560785 264.2827 0.0046 0.017276 -0.005113 0.999827
110.135 -2.24888 -5.58502 265.167 0.004379 0.01799 -0.005301 0.999815
110.239 -2.217026 -5.60834 266.0593 0.00461 0.018233 -0.005285 0.999809
110.343 -2.181048 -5.632766 266.9604 0.004716 0.018276 -0.004234 0.999813
110.447 -2.144562 -5.657825 267.8693 0.004207 0.01831 -0.003517 0.999817
110.551 -2.107091 -5.684566 268.7872 0.004102 0.018466 -0.002968 0.999817
110.655 -2.072995 -5.710527 269.7117 0.003833 0.018508 -0.002595 0.999818
110.759 -2.039857 -5.735484 270.6435 0.003379 0.018408 -0.00234 0.999822
110.8628 -2.008137 -5.759967 271.578 0.002478 0.018259 -0.002626 0.999827
110.9668 -1.977183 -5.786935 272.5156 0.002149 0.017811 -0.002481 0.999836
111.0708 -1.948577 -5.813039 273.4511 0.002274 0.016966 -0.002528 0.99985
111.1748 -1.923694 -5.837506 274.3868 0.002785 0.015813 -0.00265 0.999868
111.2788 -1.903306 -5.862752 275.322 0.003147 0.014502 -0.003384 0.999884
111.3827 -1.886301 -5.888992 276.2556 0.003225 0.013163 -0.004215 0.999899
111.4867 -1.871958 -5.914599 277.1894 0.002941 0.011783 -0.004811 0.999915
111.5907 -1.860171 -5.940087 278.1217 0.002241 0.010515 -0.005317 0.999928
111.6947 -1.850165 -5.965237 279.0549 0.001223 0.009269 -0.005346 0.999942
111.7986 -1.84113 -5.989292 279.9822 0.000535 0.008158 -0.005419 0.999952
111.9026 -1.834878 -6.011766 280.9067 0.000168 0.007105 -0.005538 0.999959
112.0066 -1.829538 -6.033194 281.8284 2.7e-05 0.006167 -0.005736 0.999965
112.1106 -1.824423 -6.05424 282.7472 7.7e-05 0.005361 -0.005303 0.999972
112.2146 -1.820378 -6.076007 283.6626 0.000311 0.004638 -0.00515 0.999976
112.3186 -1.819188 -6.097253 284.5738 0.000437 0.003904 -0.005173 0.999979
112.4226 -1.820078 -6.118356 285.4729 5e-05 0.003171 -0.005561 0.99998
112.5266 -1.821293 -6.140076 286.3559 -0.000494 0.002546 -0.005503 0.999981
112.6306 -1.824665 -6.162957 287.2165 -0.000291 0.002064 -0.006128 0.999979
112.7346 -1.831132 -6.186044 288.0602 0.000791 0.001776 -0.007361 0.999971
112.8386 -1.835812 -6.20897 288.8905 0.002308 0.001656 -0.008631 0.999959
112.9426 -1.838573 -6.232745 289.7169 0.003426 0.001638 -0.009461 0.999948
113.0466 -1.841599 -6.257807 290.5416 0.003734 0.001811 -0.010316 0.999938
113.1506 -1.843827 -6.281585 291.3657 0.004017 0.002068 -0.011304 0.999926
113.2546 -1.844053 -6.305431 292.1857 0.004416 0.002525 -0.011882 0.999916
113.3586 -1.843243 -6.332348 293.0004 0.004916 0.003295 -0.012858 0.9999
113.4626 -1.840209 -6.360716 293.8122 0.005074 0.004083 -0.013458 0.999888
113.5666 -1.836186 -6.387429 294.6199 0.004491 0.004698 -0.013941 0.999882
113.6706 -1.829836 -6.414405 295.4284 0.003519 0.005149 -0.013701 0.999887
113.7746 -1.823832 -6.440313 296.2317 0.002423 0.005082 -0.01312 0.999898
113.8785 -1.81794 -6.46419 297.0309 0.00138 0.004446 -0.012496 0.999911
113.9825 -1.814744 -6.486179 297.8283 0.000571 0.003684 -0.012111 0.99992
114.0863 -1.812035 -6.506511 298.6243 0.000176 0.002939 -0.011684 0.999927
114.1903 -1.809517 -6.524789 299.4226 -0.000384 0.002219 -0.011108 0.999936
114.2943 -1.807621 -6.541554 300.2232 -0.000646 0.001233 -0.010223 0.999947
