0.0 1.110223e-16 2.220446e-16 -2.220446e-16 0.0 -0.0 0.0 1.0
0.1037595 0.05154656 -0.02424883 1.000725 0.00127 0.02178 0.000853 0.999762
0.2075901 0.1464632 -0.05051622 1.995659 0.00362 0.044353 0.002847 0.999005
0.3116055 0.2879204 -0.07903059 2.986691 0.005802 0.067271 0.003341 0.997712
0.415086 0.4657503 -0.1102928 3.963845 0.007207 0.09046 0.002445 0.995871
0.5188692 0.6971645 -0.143877 4.934639 0.007276 0.113844 0.003941 0.993464
0.6226876 0.9715689 -0.1802237 5.887651 0.007795 0.136991 0.004798 0.99053
0.7264318 1.288079 -0.2184877 6.826202 0.009672 0.15981 0.006476 0.987079
0.8301706 1.651331 -0.254729 7.743952 0.011218 0.181982 0.008504 0.983201
0.9339528 2.050498 -0.2919528 8.64624 0.011604 0.204517 0.0087 0.978756
1.037695 2.488685 -0.3309237 9.527392 0.011376 0.227232 0.00937 0.973729
1.141483 2.966292 -0.3697385 10.38417 0.01095 0.250296 0.009811 0.968058
1.245136 3.483068 -0.4086031 11.2156 0.010697 0.273339 0.010049 0.961806
1.348871 4.03669 -0.4439735 12.01878 0.01094 0.295996 0.010726 0.955066
1.452734 4.631439 -0.4790227 12.79006 0.011834 0.318321 0.012517 0.947826
1.556375 5.252124 -0.5136186 13.53058 0.012317 0.340248 0.01249 0.940172
1.660095 5.913461 -0.5462713 14.23731 0.01303 0.362031 0.014889 0.931956
1.763837 6.602643 -0.5777429 14.91216 0.013154 0.383645 0.015275 0.923261
1.867714 7.315983 -0.6091556 15.55483 0.013355 0.405501 0.015129 0.913872
1.971323 8.059654 -0.636292 16.155 0.015078 0.426824 0.016987 0.904049
2.074937 8.824947 -0.6652783 16.72174 0.015655 0.44779 0.01697 0.89384
2.178679 9.617499 -0.6938755 17.24835 0.016878 0.468364 0.017784 0.883195
2.282428 10.43572 -0.7209802 17.73582 0.01987 0.488635 0.019249 0.87205
2.386034 11.27339 -0.7448949 18.18861 0.020419 0.508341 0.019696 0.860688
2.489649 12.13844 -0.7707228 18.60541 0.021253 0.526919 0.021917 0.849367
2.593387 13.02386 -0.7968987 18.98486 0.021889 0.544315 0.023562 0.838264
2.697006 13.92282 -0.8194983 19.33529 0.023254 0.560477 0.023826 0.827501
2.80062 14.84567 -0.8398217 19.65558 0.023141 0.575357 0.024675 0.817202
2.904387 15.78819 -0.859011 19.94858 0.022417 0.589662 0.026336 0.806909
3.008111 16.74609 -0.8779579 20.20959 0.022312 0.60354 0.026848 0.796568
3.111717 17.71096 -0.8926428 20.4429 0.022089 0.61697 0.025607 0.78626
3.215334 18.69074 -0.9066816 20.64544 0.022487 0.629652 0.025258 0.776141
3.319074 19.69166 -0.9204752 20.81649 0.022879 0.641781 0.026063 0.766103
3.422811 20.70872 -0.9323174 20.9589 0.022943 0.65365 0.027082 0.755964
3.526551 21.74157 -0.9423525 21.0745 0.021688 0.665312 0.02732 0.74575
3.630286 22.79076 -0.948405 21.16118 0.021564 0.676377 0.027859 0.735712
3.733924 23.85365 -0.951047 21.21468 0.02242 0.686502 0.028902 0.726207
3.837524 24.93112 -0.9519265 21.24069 0.023863 0.695671 0.0305 0.717316
3.94129 26.02348 -0.9509506 21.24027 0.02527 0.70382 0.032207 0.709198
4.044901 27.12723 -0.9489508 21.21564 0.027153 0.711053 0.034615 0.701761
4.148625 28.24249 -0.9456288 21.16969 0.028233 0.71726 0.036787 0.695261
4.252293 29.37022 -0.9414386 21.10741 0.029261 0.722697 0.038141 0.689492
4.355974 30.50291 -0.9363594 21.0296 0.029722 0.727669 0.039552 0.684141
4.459609 31.64196 -0.9296868 20.93984 0.029219 0.732244 0.040286 0.679222
4.563217 32.78682 -0.9216773 20.83696 0.028956 0.73647 0.040495 0.674636
4.666947 33.94232 -0.9117462 20.71859 0.029768 0.740378 0.039735 0.670354
4.770559 35.11473 -0.9007201 20.58533 0.031126 0.743906 0.038767 0.666433
4.874319 36.30912 -0.8891584 20.43698 0.032302 0.747168 0.038312 0.662743
4.977967 37.5268 -0.8781568 20.2789 0.032548 0.749736 0.037951 0.659846
5.081656 38.76733 -0.8670199 20.11085 0.032485 0.751714 0.037677 0.65761
5.185269 40.02403 -0.8564479 19.93253 0.033282 0.753438 0.037567 0.655601
5.288943 41.3055 -0.8460362 19.74648 0.033613 0.754983 0.036658 0.653856
5.392622 42.60679 -0.837548 19.55065 0.034008 0.756363 0.036434 0.652251
5.496314 43.93278 -0.8295496 19.34786 0.033586 0.757369 0.036758 0.651086
5.600026 45.28137 -0.8187903 19.13753 0.032951 0.758072 0.037968 0.65023
5.703641 46.6485 -0.8059921 18.92231 0.032612 0.758801 0.038408 0.649371
5.80734 48.03559 -0.790753 18.69944 0.033561 0.75943 0.039035 0.648549
5.910955 49.44201 -0.776593 18.47318 0.033631 0.759777 0.038749 0.648157
6.014715 50.87125 -0.7612088 18.23994 0.034585 0.759931 0.039226 0.647897
6.118447 52.31634 -0.7488661 18.00571 0.034596 0.759977 0.038849 0.647865
6.221927 53.78414 -0.7385593 17.76822 0.035029 0.759828 0.038378 0.648044
6.325669 55.27561 -0.7282464 17.52865 0.035175 0.759433 0.038466 0.648494
6.42928 56.7869 -0.7193216 17.28947 0.034493 0.758938 0.038555 0.649105
6.533021 58.3197 -0.7090229 17.04698 0.035079 0.75856 0.038618 0.649512
6.636673 59.87004 -0.6982294 16.80555 0.035363 0.758181 0.038224 0.649961
6.740399 61.44932 -0.6898538 16.56009 0.03593 0.757856 0.038335 0.650302
6.844097 63.04564 -0.682234 16.31483 0.035778 0.75752 0.038169 0.650712
6.947755 64.66146 -0.6742945 16.06555 0.035806 0.757139 0.039487 0.651076
7.051471 66.29273 -0.665932 15.81429 0.035665 0.756851 0.040633 0.651347
7.155209 67.93358 -0.6566595 15.56429 0.03636 0.756575 0.041 0.651606
7.258923 69.59146 -0.6495479 15.31065 0.037935 0.756223 0.041008 0.651925
7.362568 71.26348 -0.6455501 15.06048 0.037605 0.75602 0.040828 0.652191
7.46621 72.94957 -0.6411509 14.80708 0.037617 0.755936 0.041117 0.652269
7.569925 74.65679 -0.6351425 14.55382 0.036887 0.755844 0.04144 0.652397
7.673572 76.37583 -0.6266393 14.29583 0.0376 0.755679 0.042038 0.652509
7.777286 78.11207 -0.6192733 14.03765 0.037887 0.755663 0.042228 0.652499
7.881024 79.86417 -0.6121849 13.77611 0.038388 0.755669 0.042024 0.652475
7.984696 81.62656 -0.6069533 13.51471 0.038435 0.755805 0.041567 0.652345
8.0884 83.40315 -0.6037449 13.2493 0.038136 0.756204 0.041058 0.651932
8.192118 85.19377 -0.601808 12.98 0.038183 0.75662 0.040544 0.651479
8.295863 87.00538 -0.5994816 12.70711 0.037586 0.756962 0.040364 0.651127
8.399546 88.82747 -0.5948763 12.42843 0.037455 0.757273 0.040639 0.650756
8.503235 90.66661 -0.5892579 12.14861 0.036248 0.757452 0.040037 0.650653
8.606978 92.51613 -0.5822604 11.86127 0.036514 0.757936 0.039575 0.650102
8.710698 94.38417 -0.576158 11.56935 0.03655 0.758845 0.038702 0.649092
8.814436 96.26377 -0.5690865 11.26751 0.036721 0.760078 0.039091 0.647614
8.918107 98.15387 -0.5670654 10.95901 0.035753 0.761657 0.038492 0.645848
9.021867 100.0527 -0.5652429 10.63988 0.034567 0.763269 0.038162 0.644026
9.125548 101.9553 -0.5641477 10.30991 0.034593 0.764846 0.037405 0.642195
9.229148 103.8698 -0.5624452 9.966128 0.035134 0.766384 0.037178 0.640343
9.332783 105.791 -0.5643553 9.611618 0.035537 0.767917 0.03649 0.638522
9.436507 107.7248 -0.5687973 9.246382 0.035382 0.769514 0.035866 0.63664
9.540126 109.6683 -0.5717942 8.871585 0.034226 0.771154 0.03557 0.634732
9.643856 111.6206 -0.5733449 8.486629 0.033491 0.772921 0.035004 0.63265
9.747566 113.5815 -0.5728043 8.086921 0.032804 0.774735 0.035095 0.630458
9.851216 115.5478 -0.570538 7.674193 0.032676 0.776505 0.035237 0.628276
9.954854 117.5182 -0.5680584 7.246929 0.033229 0.778264 0.035031 0.626078
10.05845 119.4963 -0.5658779 6.808278 0.033353 0.78011 0.034612 0.623794
10.16227 121.4861 -0.5645652 6.351224 0.033415 0.78199 0.034927 0.621413
10.26595 123.4817 -0.5636678 5.883248 0.033146 0.783792 0.034536 0.619176
10.36954 125.4794 -0.5607338 5.403529 0.033024 0.785448 0.034295 0.617094
10.47333 127.4889 -0.5591517 4.911013 0.032609 0.78712 0.033833 0.615008
10.57701 129.5004 -0.5556139 4.402279 0.0331 0.788488 0.034554 0.613185
10.6808 131.5233 -0.5494115 3.880107 0.033196 0.789662 0.035834 0.611594
10.78449 133.5486 -0.5427542 3.348158 0.034005 0.790792 0.035981 0.61008
10.88838 135.5837 -0.5360354 2.806947 0.034199 0.791755 0.035991 0.608818
10.9921 137.625 -0.5295973 2.257989 0.033808 0.792843 0.035787 0.607434
11.09628 139.6797 -0.5224538 1.699296 0.033417 0.794108 0.035259 0.605832
11.19965 141.7304 -0.5179993 1.132152 0.033225 0.79555 0.034441 0.603995
11.30336 143.7927 -0.5127373 0.5515872 0.032832 0.796964 0.034247 0.602161
11.40708 145.8618 -0.5061993 -0.0413721 0.032897 0.798396 0.034326 0.600252
11.51057 147.9305 -0.5006247 -0.6449311 0.032846 0.799819 0.033995 0.598378
11.61418 150.0068 -0.4959689 -1.261108 0.032843 0.801252 0.033727 0.596472
11.71802 152.0968 -0.4898301 -1.892338 0.032373 0.802549 0.034107 0.59473
11.82143 154.1812 -0.4829921 -2.533182 0.032524 0.803855 0.03442 0.592937
11.92506 156.2753 -0.4753909 -3.187653 0.032976 0.805065 0.034678 0.591253
12.02865 158.3734 -0.467684 -3.851462 0.033342 0.806195 0.034325 0.589711
12.13214 160.4737 -0.4608735 -4.525316 0.034119 0.807332 0.03372 0.588145
12.23595 162.5875 -0.4555311 -5.211974 0.03446 0.808384 0.033822 0.586673
12.33962 164.7037 -0.4525483 -5.908582 0.034615 0.809441 0.033444 0.585225
12.44323 166.8257 -0.4495307 -6.614701 0.034566 0.810525 0.033403 0.583728
12.54685 168.9537 -0.4456125 -7.331463 0.034484 0.811754 0.033528 0.582016
12.65059 171.0871 -0.4416744 -8.063072 0.034933 0.812895 0.034127 0.580359
12.75421 173.2245 -0.4365523 -8.806086 0.035923 0.813851 0.034821 0.578916
12.85782 175.3665 -0.4294089 -9.557829 0.035947 0.814675 0.035387 0.577719
12.96145 177.5169 -0.420933 -10.31827 0.035666 0.815488 0.03567 0.576571
13.06505 179.6714 -0.4118277 -11.0856 0.035257 0.816356 0.035262 0.575393
13.16879 181.8303 -0.4043634 -11.86225 0.035497 0.817318 0.034155 0.574077
13.27241 183.9969 -0.3985802 -12.64986 0.035857 0.818342 0.033526 0.572631
13.37617 186.1699 -0.3990509 -13.44797 0.035716 0.819368 0.032324 0.57124
13.47977 188.344 -0.4000549 -14.25545 0.035763 0.820422 0.031233 0.569783
13.58338 190.5195 -0.4013833 -15.07493 0.035957 0.821553 0.031648 0.568117
13.687 192.7087 -0.4038655 -15.90879 0.035279 0.82264 0.03187 0.566571
13.79073 194.901 -0.4035663 -16.75316 0.034912 0.823763 0.03215 0.564944
13.89444 197.093 -0.4021162 -17.60738 0.034968 0.824939 0.032323 0.563212
13.99845 199.2958 -0.4006638 -18.47484 0.034671 0.826004 0.031907 0.561691
14.1018 201.4804 -0.4011965 -19.34449 0.034496 0.827161 0.031299 0.560032
14.20592 203.6882 -0.4030819 -20.23459 0.034457 0.828141 0.031335 0.558581
14.3092 205.877 -0.4061955 -21.12723 0.034919 0.828976 0.031574 0.557299
14.41287 208.0748 -0.408323 -22.03665 0.035312 0.829714 0.032131 0.556143
14.51654 210.2746 -0.4072563 -22.95396 0.035451 0.830499 0.032781 0.554923
14.62033 212.4744 -0.4051777 -23.87896 0.035919 0.831239 0.033016 0.55377
14.72368 214.6697 -0.4036944 -24.80688 0.036382 0.832005 0.032766 0.552603
14.82739 216.8716 -0.4053455 -25.7452 0.036184 0.832847 0.032439 0.551366
14.93163 219.0854 -0.4089666 -26.69513 0.036239 0.833686 0.03187 0.550126
15.03485 221.2752 -0.4145729 -27.6423 0.036548 0.834566 0.031417 0.548796
15.13855 223.4748 -0.4227878 -28.5989 0.035957 0.835331 0.030603 0.547715
15.24218 225.6743 -0.432373 -29.5663 0.036183 0.836207 0.030504 0.546368
15.34573 227.8686 -0.4418329 -30.54211 0.036635 0.836935 0.031508 0.545165
15.4495 230.0656 -0.4485622 -31.5245 0.036424 0.837678 0.031923 0.544012
15.55307 232.2584 -0.4502008 -32.51137 0.035873 0.838628 0.031982 0.54258
15.65668 234.4478 -0.4516442 -33.50409 0.035578 0.839558 0.03135 0.541197
15.76042 236.6402 -0.4545615 -34.50713 0.034906 0.840583 0.030978 0.539669
15.86404 238.8266 -0.456504 -35.51552 0.034252 0.841607 0.030984 0.538113
15.96778 241.0098 -0.4583595 -36.53355 0.034055 0.842671 0.030779 0.536469
16.0714 243.1866 -0.4598154 -37.55871 0.03362 0.843754 0.030703 0.534795
16.17517 245.3571 -0.4618584 -38.59114 0.033655 0.844914 0.030238 0.532986
16.27876 247.5244 -0.461475 -39.63198 0.033042 0.84613 0.030176 0.531094
16.38237 249.6839 -0.461446 -40.68364 0.033004 0.847265 0.030163 0.529286
16.48621 251.8424 -0.4628392 -41.74631 0.033475 0.848296 0.030076 0.527607
16.58973 253.9896 -0.4623208 -42.81371 0.033291 0.849369 0.029996 0.525894
16.69338 256.1425 -0.4599411 -43.89031 0.033039 0.850458 0.029553 0.524172
16.79696 258.2951 -0.4566041 -44.97777 0.032905 0.851521 0.029637 0.522447
16.90069 260.4446 -0.451586 -46.07408 0.033292 0.852535 0.02961 0.520767
17.00432 262.5925 -0.4468931 -47.18398 0.03399 0.853553 0.029871 0.519037
17.10793 264.734 -0.4443228 -48.30007 0.035171 0.854486 0.030062 0.51741
17.21226 266.892 -0.442692 -49.43452 0.035645 0.855322 0.030181 0.515988
17.31533 269.0255 -0.4394885 -50.56793 0.036773 0.856165 0.030184 0.514507
17.41895 271.1744 -0.4357941 -51.72041 0.037981 0.856938 0.030047 0.513139
17.52274 273.3318 -0.4312748 -52.88771 0.038414 0.857749 0.03017 0.511743
17.62628 275.487 -0.4244063 -54.06212 0.038922 0.858689 0.030049 0.510133
17.73002 277.658 -0.4182424 -55.25311 0.038603 0.859655 0.029606 0.508554
17.83361 279.8273 -0.4128268 -56.45514 0.039117 0.86061 0.029539 0.5069
17.93782 282.0168 -0.4105826 -57.67414 0.038895 0.861591 0.029018 0.505279
18.04102 284.1885 -0.4095589 -58.89251 0.038351 0.86242 0.028378 0.503939
18.14461 286.3724 -0.4079618 -60.12956 0.038717 0.863197 0.028888 0.502551
18.24822 288.5702 -0.4045488 -61.38495 0.039167 0.86375 0.029736 0.501515
18.35182 290.7704 -0.3986685 -62.64929 0.039312 0.86433 0.030174 0.500478
18.45567 292.9827 -0.3908822 -63.92341 0.039289 0.864965 0.030231 0.499378
18.55914 295.1953 -0.3821466 -65.20624 0.03889 0.865627 0.030334 0.498255
18.66305 297.4212 -0.3713999 -66.50521 0.03909 0.866346 0.030885 0.496954
18.76628 299.6423 -0.3587114 -67.80874 0.039214 0.866952 0.031194 0.495867
18.86992 301.8763 -0.3470056 -69.1256 0.039292 0.867538 0.03068 0.494866
18.97353 304.1141 -0.3372516 -70.4517 0.039732 0.868228 0.02932 0.493702
19.07714 306.3593 -0.3307952 -71.79168 0.039015 0.869192 0.028968 0.492081
19.18087 308.6134 -0.3233356 -73.14403 0.037482 0.870484 0.028933 0.489914
19.28453 310.8714 -0.3126191 -74.51245 0.036032 0.871886 0.029042 0.487517
19.38822 313.1301 -0.2971879 -75.90012 0.035181 0.873246 0.029219 0.485129
19.49184 315.3852 -0.2796424 -77.30725 0.035354 0.874484 0.029348 0.482873
19.59546 317.6383 -0.2578412 -78.72988 0.036276 0.875644 0.030017 0.480656
19.69907 319.8954 -0.2381554 -80.17271 0.036985 0.876698 0.030254 0.478662
19.80284 322.1579 -0.2197853 -81.63211 0.03704 0.877726 0.03061 0.476747
19.90642 324.412 -0.2016825 -83.10009 0.036645 0.878806 0.031752 0.474709
20.01003 326.6626 -0.1825361 -84.57972 0.035792 0.879916 0.031839 0.472709
20.11365 328.9055 -0.1608324 -86.06826 0.035506 0.88099 0.031628 0.470739
20.21727 331.1477 -0.1383913 -87.57051 0.035168 0.882126 0.03183 0.468619
20.32088 333.384 -0.1125608 -89.08675 0.035353 0.883242 0.032936 0.466421
20.4245 335.6133 -0.08455148 -90.61426 0.035556 0.884323 0.033251 0.464331
20.52812 337.8389 -0.05242768 -92.15154 0.03474 0.885372 0.032932 0.462413
20.63173 340.056 -0.01599584 -93.70014 0.034205 0.886347 0.033475 0.460542
20.73535 342.2752 0.02333862 -95.26502 0.033943 0.887157 0.034202 0.458945
20.83896 344.4892 0.0633751 -96.83616 0.033205 0.887971 0.033482 0.457475
20.94258 346.701 0.1024766 -98.41195 0.031758 0.888859 0.03188 0.455966
21.04632 348.9103 0.1402984 -99.99813 0.030625 0.889773 0.030747 0.454336
21.14994 351.1094 0.1754218 -101.5909 0.029013 0.890665 0.031007 0.452674
21.25355 353.3107 0.2141195 -103.2033 0.028841 0.891496 0.03183 0.450988
21.35717 355.4996 0.2539708 -104.817 0.028597 0.892357 0.031555 0.449316
21.46082 357.6809 0.2903191 -106.4411 0.02833 0.893183 0.030739 0.447747
21.56462 359.867 0.3297903 -108.0781 0.026251 0.894071 0.031582 0.446039
21.66814 362.0386 0.3801369 -109.7167 0.024767 0.894951 0.031614 0.444352
21.77179 364.2051 0.433594 -111.3631 0.024639 0.895789 0.0314 0.442684
21.87536 366.3626 0.4855505 -113.0176 0.024348 0.896558 0.031287 0.441149
21.97904 368.5148 0.5357534 -114.6817 0.024211 0.897282 0.031431 0.43967
22.08265 370.6543 0.5857535 -116.3494 0.023583 0.898044 0.03204 0.438104
22.18621 372.7925 0.6347512 -118.0262 0.022658 0.898851 0.031077 0.436564
22.29025 374.9322 0.6806409 -119.7055 0.01937 0.899764 0.027581 0.435074
22.39357 377.0444 0.7141844 -121.3733 0.017051 0.900848 0.021687 0.433258
22.49725 379.1489 0.732239 -123.0734 0.022479 0.901585 0.021409 0.431488
22.60085 381.246 0.7514499 -124.7861 0.025097 0.901733 0.024812 0.43085
22.70444 383.3531 0.7912642 -126.4979 0.021976 0.902078 0.030403 0.429939
22.8081 385.4625 0.8581189 -128.2062 0.017749 0.902802 0.032972 0.428422
22.91177 387.5638 0.9375737 -129.914 0.014418 0.903685 0.03308 0.426674
23.01539 389.6489 1.01544 -131.6273 0.013889 0.904477 0.032569 0.425051
23.11901 391.7168 1.088896 -133.3507 0.016618 0.905148 0.032943 0.423493
23.22265 393.78 1.154913 -135.0831 0.019992 0.905726 0.031898 0.422189
23.32637 395.8385 1.214067 -136.8244 0.021417 0.906432 0.030705 0.420688
23.43007 397.8934 1.272858 -138.5702 0.020953 0.907218 0.031015 0.418993
23.53371 399.9429 1.334967 -140.3176 0.020991 0.907974 0.031761 0.417294
23.63732 401.9775 1.399861 -142.0688 0.021031 0.908604 0.032471 0.415863
23.74108 404.0132 1.46395 -143.8398 0.021332 0.9091 0.032667 0.414747
23.84468 406.0396 1.53057 -145.6094 0.021406 0.909477 0.03287 0.413899
23.94843 408.0639 1.596786 -147.3861 0.021769 0.909806 0.033025 0.413145
24.05212 410.0865 1.665192 -149.1653 0.022053 0.91005 0.034065 0.412508
24.15565 412.0999 1.73948 -150.9391 0.022288 0.91028 0.035721 0.411847
24.25939 414.1199 1.820766 -152.7256 0.022597 0.91054 0.036931 0.411148
24.363 416.1297 1.902123 -154.5063 0.022599 0.91087 0.036174 0.410484
24.46662 418.1369 1.980352 -156.2858 0.021588 0.911363 0.03379 0.409647
24.57024 420.1401 2.051261 -158.0701 0.020593 0.911768 0.032306 0.408914
24.67387 422.1413 2.117805 -159.8579 0.020029 0.912056 0.032486 0.408286
24.77759 424.1424 2.186326 -161.6509 0.019173 0.912307 0.032264 0.407784
24.88121 426.1357 2.256082 -163.4423 0.018301 0.912606 0.030838 0.407265
24.98488 428.1288 2.325413 -165.2378 0.017594 0.912837 0.03089 0.406774
25.08832 430.1109 2.396912 -167.032 0.017332 0.912917 0.032137 0.40651
25.19195 432.0961 2.47181 -168.831 0.01764 0.912847 0.033728 0.406523
25.29556 434.0721 2.549279 -170.628 0.018481 0.912461 0.037354 0.407036
25.39916 436.0531 2.650572 -172.4221 0.019278 0.911924 0.040346 0.407916
25.50278 438.042 2.755615 -174.2029 0.017644 0.911508 0.038761 0.409071
25.60639 440.03 2.84391 -175.9705 0.015747 0.911507 0.03415 0.409562
25.71001 442.0339 2.921911 -177.7475 0.013571 0.911116 0.032161 0.410669
25.81362 444.0392 3.006852 -179.52 0.012886 0.91048 0.031486 0.41215
25.91726 446.046 3.098726 -181.2884 0.01341 0.909682 0.03236 0.413825
26.02085 448.0532 3.192574 -183.0447 0.013776 0.908876 0.032573 0.415564
26.12448 450.064 3.278015 -184.7916 0.013654 0.908277 0.030635 0.417022
26.2281 452.0924 3.358861 -186.5327 0.010384 0.907899 0.029363 0.41803
26.33173 454.1251 3.436998 -188.2652 0.006064 0.907691 0.028075 0.418655
26.43544 456.158 3.516788 -189.9924 0.003375 0.907595 0.025698 0.419046
26.53906 458.1873 3.593514 -191.7203 0.002444 0.907463 0.02494 0.419383
26.64267 460.2152 3.669483 -193.4519 0.002937 0.907128 0.025995 0.420041
26.74631 462.2462 3.750848 -195.183 0.003214 0.906707 0.02772 0.420836
26.84992 464.2791 3.835891 -196.9059 0.00235 0.906325 0.028042 0.421644
26.95353 466.3135 3.921999 -198.6214 0.001514 0.906097 0.026961 0.422207
27.05726 468.3509 4.004216 -200.3376 0.001596 0.905882 0.025802 0.422739
27.16089 470.3839 4.079549 -202.0483 0.002088 0.905606 0.025194 0.423367
27.26453 472.4259 4.154116 -203.7656 0.002828 0.905259 0.026127 0.424047
27.36823 474.4683 4.23021 -205.4787 0.003301 0.904886 0.027075 0.42478
27.47185 476.5113 4.309712 -207.1855 0.003189 0.904626 0.027447 0.425309
27.57548 478.5558 4.389454 -208.8868 0.003142 0.90437 0.027304 0.425863
27.6792 480.606 4.471449 -210.5886 0.002723 0.904137 0.027726 0.426333
27.78284 482.6545 4.555624 -212.2853 0.002247 0.903922 0.028095 0.426768
27.88656 484.7071 4.640076 -213.9826 0.00235 0.903799 0.027358 0.427075
27.99017 486.7577 4.720801 -215.677 0.00272 0.903704 0.02665 0.427319
28.09379 488.8066 4.799764 -217.3707 0.002723 0.903536 0.027112 0.427645
28.19741 490.8629 4.88093 -219.0659 0.00222 0.903393 0.027639 0.427916
28.30102 492.9166 4.960767 -220.7576 0.001505 0.903363 0.027537 0.427989
28.40464 494.9713 5.038016 -222.4476 0.001215 0.903408 0.027426 0.427903
28.50825 497.0247 5.116707 -224.1389 0.001366 0.903462 0.027344 0.427793
28.61187 499.0722 5.193552 -225.827 0.001615 0.90352 0.027375 0.427668
28.71563 501.1328 5.267707 -227.5274 0.001129 0.903557 0.028116 0.427543
28.81923 503.1867 5.349108 -229.2205 0.000322 0.903616 0.028445 0.427397
28.92284 505.239 5.43277 -230.9143 0.000151 0.903688 0.028504 0.427242
29.02646 507.2915 5.519275 -232.6072 -3.9e-05 0.903717 0.028139 0.427205
29.13007 509.3381 5.605249 -234.2975 6.9e-05 0.903748 0.027911 0.427154
29.23384 511.3939 5.689304 -235.9969 0.000585 0.903687 0.028026 0.427275
29.33743 513.4454 5.773309 -237.6908 0.000509 0.903615 0.028062 0.427426
29.44104 515.4974 5.857608 -239.3843 0.000458 0.903619 0.02808 0.427416
29.54466 517.5493 5.942483 -241.0762 0.000417 0.903599 0.027697 0.427483
29.64826 519.6014 6.026971 -242.768 -0.000134 0.903576 0.027836 0.427524
29.75201 521.6574 6.115358 -244.4639 -9.1e-05 0.903501 0.028284 0.427652
29.85562 523.7106 6.206642 -246.1557 -0.000513 0.903413 0.029023 0.427789
29.95912 525.7627 6.29972 -247.8455 -0.000159 0.90336 0.028765 0.427917
30.06273 527.8159 6.392878 -249.5367 0.000395 0.903299 0.028965 0.428033
30.16635 529.8651 6.486799 -251.2228 0.000465 0.903205 0.029358 0.428205
30.26996 531.9262 6.582378 -252.9158 5.6e-05 0.903133 0.029569 0.428342
30.37358 533.9814 6.677372 -254.6036 -0.000109 0.903183 0.029057 0.42827
30.47722 536.0377 6.771372 -256.2925 -9.6e-05 0.903237 0.028982 0.428163
30.58081 538.0951 6.865967 -257.983 -0.000534 0.903239 0.029497 0.428123
30.68447 540.1536 6.964906 -259.6746 -0.001123 0.903255 0.03031 0.428031
30.78817 542.2136 7.066817 -261.3661 -0.001801 0.903332 0.030446 0.427857
30.89178 544.2679 7.168745 -263.0547 -0.001371 0.903446 0.02932 0.427695
30.99556 546.3253 7.265256 -264.7478 -0.000955 0.90356 0.027885 0.427553
31.09914 548.376 7.35715 -266.4366 -0.000796 0.903578 0.027843 0.427518
31.20276 550.4365 7.450904 -268.1343 -0.001207 0.903505 0.029291 0.427574
31.30652 552.4956 7.551427 -269.8319 -0.001293 0.903477 0.030313 0.427562
31.41011 554.5493 7.654529 -271.5254 -0.000777 0.903481 0.030238 0.427559
31.51385 556.6051 7.757167 -273.22 -0.000492 0.903509 0.029881 0.427526
31.61747 558.6591 7.857401 -274.9141 -0.000161 0.903507 0.029857 0.427533
31.72125 560.7204 7.957556 -276.6146 0.000253 0.903463 0.030338 0.427592
31.82482 562.7775 8.058037 -278.3114 0.000386 0.903398 0.031053 0.427678
31.92857 564.8386 8.161795 -280.0085 -0.000165 0.903327 0.031339 0.427806
32.03219 566.8959 8.267916 -281.7021 -0.000149 0.903299 0.031551 0.427849
32.13593 568.9502 8.373989 -283.3947 0.000309 0.903209 0.031715 0.428027
32.23954 571.015 8.48345 -285.0936 0.000111 0.903072 0.032662 0.428246
32.34333 573.0773 8.593947 -286.7871 -0.000479 0.902968 0.032415 0.428483
32.44703 575.1384 8.705148 -288.4766 -0.001489 0.902908 0.032372 0.42861
32.55078 577.2007 8.816896 -290.1677 -0.001153 0.902841 0.031847 0.428792
32.65437 579.254 8.924907 -291.8529 -0.000386 0.902692 0.031731 0.429115
32.75813 581.3141 9.03162 -293.5428 0.000317 0.902463 0.031925 0.429582
32.86174 583.3713 9.137328 -295.2267 0.000376 0.902264 0.032273 0.429975
32.9657 585.4383 9.245509 -296.9139 -0.000134 0.90208 0.033044 0.430303
33.0705 587.519 9.353208 -298.6121 0.000364 0.901942 0.032499 0.430632
33.17292 589.5489 9.456599 -300.263 8.3e-05 0.901765 0.032221 0.431024
33.27645 591.6108 9.561344 -301.9383 -0.000223 0.901634 0.032114 0.431306
33.38005 593.6716 9.666809 -303.6091 -0.000435 0.901451 0.032083 0.431691
33.48381 595.737 9.775807 -305.28 -0.000839 0.9013 0.032156 0.431999
33.58762 597.8027 9.883665 -306.9488 -0.001432 0.90119 0.031958 0.432242
33.69122 599.867 9.992222 -308.6131 -0.002079 0.901096 0.031466 0.432471
33.79494 601.9345 10.09861 -310.2813 -0.002196 0.901171 0.030558 0.432379
33.89864 604.0024 10.20684 -311.9523 -0.002309 0.901199 0.031199 0.432276
34.00238 606.0701 10.31717 -313.6242 -0.002341 0.901206 0.032058 0.432198
34.10599 608.1333 10.43016 -315.2902 -0.002962 0.901234 0.032153 0.432128
34.20973 610.2041 10.54205 -316.9635 -0.003087 0.901314 0.031344 0.43202
34.31353 612.2707 10.65103 -318.6358 -0.002371 0.901369 0.030437 0.431973
34.4171 614.3316 10.75646 -320.3039 -0.001804 0.901335 0.029974 0.432081
34.52083 616.4014 10.85851 -321.9781 -0.001569 0.901305 0.029999 0.432142
34.62445 618.4658 10.96062 -323.6462 -0.001998 0.901288 0.030721 0.432124
34.72806 620.535 11.06765 -325.3171 -0.001943 0.901252 0.031455 0.432147
34.8318 622.6067 11.17705 -326.9891 -0.001847 0.901208 0.031693 0.432222
34.93542 624.6751 11.28685 -328.6575 -0.001871 0.901162 0.031346 0.432344
35.03915 626.7459 11.39641 -330.327 -0.001806 0.901104 0.031083 0.432483
35.14278 628.8138 11.50486 -331.9942 -0.001797 0.901014 0.031368 0.432651
35.24652 630.8887 11.61229 -333.6656 -0.001806 0.90091 0.031255 0.432876
35.35013 632.9587 11.72232 -335.3308 -0.002209 0.900829 0.031444 0.433028
35.454 635.0324 11.83193 -336.9998 -0.002515 0.900733 0.031396 0.43323
35.55743 637.0951 11.9409 -338.6594 -0.002021 0.90066 0.030681 0.433436
35.66109 639.1659 12.04805 -340.3234 -0.002099 0.900526 0.030732 0.43371
35.76477 641.2374 12.15564 -341.9886 -0.002167 0.900409 0.031245 0.433916
35.86833 643.3047 12.26642 -343.6496 -0.00206 0.900295 0.03169 0.43412
35.97207 645.375 12.37656 -345.3101 -0.0018 0.90019 0.031218 0.434373
36.07584 647.4454 12.48249 -346.9686 -0.001304 0.900096 0.030647 0.43461
36.17953 649.5155 12.58629 -348.6239 -0.000977 0.899938 0.030738 0.434933
36.28328 651.5913 12.69235 -350.282 -0.001011 0.899727 0.03172 0.435297
36.38684 653.6623 12.80042 -351.9355 -0.001198 0.899588 0.032124 0.435555
36.49055 655.7358 12.91009 -353.587 -0.001221 0.899457 0.032172 0.435821
36.59414 657.8057 13.02023 -355.2341 -0.001581 0.899353 0.032235 0.43603
36.69776 659.8779 13.13 -356.8806 -0.001406 0.899219 0.031906 0.436332
36.8015 661.9586 13.23887 -358.5328 -0.001145 0.899099 0.031289 0.436624
36.90521 664.0361 13.34665 -360.1819 -0.001042 0.898995 0.030999 0.43686
37.00885 666.112 13.45227 -361.8289 -0.00115 0.898957 0.030816 0.43695
37.11259 668.1904 13.55813 -363.4752 -0.001471 0.898949 0.030833 0.436964
37.21633 670.2712 13.66357 -365.1232 -0.001637 0.898998 0.030529 0.436884
37.31995 672.3505 13.76872 -366.7695 -0.002035 0.899073 0.030501 0.43673
37.42372 674.4325 13.87413 -368.4192 -0.002415 0.899184 0.030101 0.436527
37.5273 676.509 13.97893 -370.0675 -0.002509 0.899294 0.029894 0.436315
37.63105 678.5876 14.08324 -371.7203 -0.002497 0.899376 0.030288 0.436118
37.73466 680.6657 14.1885 -373.3743 -0.002487 0.899455 0.030707 0.435925
37.8384 682.7432 14.29713 -375.0304 -0.002054 0.899543 0.03141 0.435697
37.94202 684.8198 14.40571 -376.6842 -0.002237 0.899585 0.031459 0.435605
38.04563 686.8945 14.51349 -378.337 -0.002223 0.89965 0.030954 0.435508
38.14925 688.9656 14.61921 -379.9902 -0.001739 0.899646 0.030574 0.435546
38.25287 691.0408 14.72406 -381.6488 -0.000992 0.899581 0.03093 0.435656
38.35648 693.1156 14.82707 -383.3046 -0.000382 0.899437 0.031073 0.435945
38.4601 695.193 14.92975 -384.9613 -5e-06 0.899283 0.031675 0.436219
38.56371 697.271 15.03283 -386.6143 0.00027 0.899153 0.031725 0.436483
38.66731 699.3457 15.13859 -388.2646 0.000272 0.899029 0.031372 0.436765
38.77106 701.4274 15.24435 -389.9181 -7e-05 0.898925 0.030893 0.437013
38.87476 703.5065 15.34668 -391.5686 -4.7e-05 0.898826 0.030525 0.437241
38.9783 705.5829 15.44804 -393.2168 -0.000364 0.898694 0.030517 0.437512
39.08202 707.6613 15.54996 -394.8665 -0.000334 0.898529 0.031582 0.437777
39.18565 709.7441 15.65581 -396.5177 -0.00021 0.898331 0.03221 0.438136
39.28926 711.8243 15.76531 -398.1607 0.000153 0.898191 0.032357 0.438412
39.39288 713.9054 15.87836 -399.8001 0.000814 0.898042 0.032053 0.438739
39.4965 715.9839 15.99116 -401.4338 0.001013 0.897853 0.031597 0.439158
39.60024 718.0631 16.10183 -403.0674 0.001467 0.897661 0.031043 0.439589
39.70385 720.1441 16.21513 -404.698 0.001484 0.897472 0.030968 0.439979
39.8076 722.2296 16.32798 -406.3296 0.001965 0.897305 0.030682 0.440339
39.91134 724.3156 16.44029 -407.9582 0.0022 0.89709 0.030537 0.440786
40.01495 726.4057 16.54399 -409.585 0.001267 0.896874 0.030654 0.441222
40.11869 728.4983 16.66273 -411.2077 0.00034 0.896739 0.03017 0.44153
40.22233 730.5888 16.77343 -412.8287 0.000306 0.896614 0.029762 0.441811
40.32592 732.6752 16.88104 -414.4501 0.001068 0.896433 0.029693 0.442182
40.42966 734.7664 16.98171 -416.0734 0.002065 0.896237 0.029549 0.442586
40.53328 736.8556 17.07951 -417.6935 0.00204 0.896135 0.029609 0.442788
40.63702 738.9533 17.1754 -419.3157 0.00138 0.896122 0.030217 0.442775
40.74063 741.0479 17.27242 -420.934 0.000285 0.896174 0.030168 0.442676
40.84427 743.1419 17.37146 -422.5508 -9.4e-05 0.896247 0.029544 0.44257
40.94799 745.2354 17.4672 -424.1692 0.0003 0.896254 0.028441 0.442628
41.0516 747.3289 17.555 -425.7917 0.000525 0.896102 0.029216 0.442886
41.15522 749.4207 17.65191 -427.4134 0.001277 0.895868 0.030474 0.443273
41.25896 751.5173 17.75413 -429.0362 0.00218 0.895685 0.031263 0.443583
41.36257 753.6116 17.85404 -430.6541 0.00309 0.895537 0.031131 0.443886
41.46632 755.7109 17.94006 -432.2706 0.003728 0.895433 0.029888 0.444177
41.56992 757.8089 18.02205 -433.884 0.004308 0.895283 0.028999 0.444531
41.67355 759.9091 18.09594 -435.4976 0.004694 0.895002 0.029136 0.445085
41.77729 762.0181 18.17308 -437.1125 0.004412 0.89471 0.030018 0.445616
41.8809 764.1249 18.25478 -438.7221 0.004023 0.89448 0.030244 0.446066
41.98464 766.2346 18.33932 -440.3295 0.003957 0.894259 0.029854 0.446535
42.08838 768.3468 18.42281 -441.9355 0.003602 0.894054 0.029622 0.446965
42.192 770.4571 18.50284 -443.5378 0.003415 0.893827 0.029654 0.447418
42.29564 772.573 18.58489 -445.1404 0.003626 0.893601 0.02922 0.447895
42.39935 774.6901 18.66585 -446.7409 0.003345 0.893386 0.028536 0.44837
42.50297 776.805 18.74823 -448.3389 0.003845 0.893244 0.02887 0.448627
42.60658 778.9176 18.82798 -449.9322 0.003741 0.893109 0.029057 0.448886
42.7102 781.0382 18.91026 -451.529 0.0032 0.893081 0.029294 0.44893
42.81381 783.1553 18.99428 -453.1207 0.002336 0.893138 0.029343 0.448818
42.91743 785.2706 19.07913 -454.711 0.001924 0.89326 0.028628 0.448624
43.02117 787.3866 19.16217 -456.3036 0.001854 0.893351 0.027878 0.44849
43.12479 789.4935 19.24372 -457.8927 0.001834 0.893468 0.027842 0.448259
43.2284 791.6044 19.32538 -459.4876 0.002221 0.893609 0.028093 0.447961
43.33203 793.7097 19.40541 -461.0817 0.002735 0.893756 0.028386 0.447645
43.43564 795.8137 19.48576 -462.6772 0.003032 0.893895 0.028591 0.447353
43.53925 797.914 19.56981 -464.2714 0.002817 0.894022 0.029394 0.447049
43.64287 800.0123 19.65533 -465.8635 0.002452 0.89412 0.029401 0.446855
43.74648 802.1083 19.73792 -467.4543 0.002566 0.894184 0.027946 0.446819
43.85009 804.2028 19.8163 -469.0448 0.00293 0.894194 0.026858 0.446863
43.95373 806.2987 19.88938 -470.6373 0.003366 0.894122 0.026422 0.447031
44.05745 808.3959 19.96249 -472.2307 0.00339 0.894 0.026882 0.447248
44.16107 810.4902 20.03686 -473.8196 0.003268 0.893844 0.027145 0.447544
44.26468 812.591 20.11443 -475.4125 0.003478 0.893671 0.027495 0.447865
44.36829 814.6888 20.19413 -477.0013 0.003933 0.893409 0.028076 0.448349
44.47193 816.7915 20.27321 -478.5905 0.004329 0.893128 0.028368 0.448887
44.57553 818.8949 20.3538 -480.1748 0.004492 0.892789 0.028479 0.449553
44.67914 821.0023 20.43563 -481.7573 0.004477 0.89246 0.028747 0.450188
44.78291 823.1164 20.51693 -483.3404 0.004686 0.892135 0.028918 0.450818
44.8865 825.2301 20.59912 -484.9182 0.004637 0.89181 0.029042 0.451454
44.99011 827.3472 20.68385 -486.4927 0.004061 0.891494 0.029518 0.452051
45.09374 829.4645 20.77068 -488.0614 0.003623 0.891188 0.029751 0.452643
45.19735 831.5909 20.85797 -489.6319 0.003234 0.890959 0.028933 0.453149
45.30098 833.7229 20.94602 -491.2049 0.003137 0.890741 0.028834 0.453584
45.40471 835.8541 21.03407 -492.7761 0.003526 0.890517 0.029183 0.453999
45.50832 837.986 21.12295 -494.3446 0.003433 0.890405 0.029421 0.454204
45.61207 840.1199 21.21212 -495.9132 0.003432 0.890416 0.029526 0.454176
45.71567 842.2623 21.30359 -497.4854 0.002167 0.890444 0.030439 0.454068
45.81942 844.4038 21.3978 -499.0558 0.001584 0.890537 0.030123 0.45391
45.92303 846.5437 21.49439 -500.6257 0.000948 0.890611 0.029757 0.45379
46.02665 848.6827 21.58726 -502.1964 0.00103 0.89062 0.028799 0.453834
46.13028 850.8213 21.67907 -503.767 0.000748 0.890492 0.02891 0.454078
46.2339 852.9722 21.77339 -505.3431 8e-05 0.890348 0.029457 0.454327
46.33749 855.1147 21.86598 -506.9135 0.000286 0.890275 0.028689 0.454519
46.44113 857.2619 21.95643 -508.4874 0.00075 0.890183 0.028107 0.454735
46.54472 859.4084 22.04762 -510.0613 0.00136 0.890057 0.028887 0.454931
46.64834 861.557 22.1402 -511.637 0.001153 0.88996 0.030014 0.455048
46.75209 863.7104 22.23641 -513.2137 0.000925 0.889898 0.031078 0.455098
46.8557 865.8589 22.33432 -514.7848 0.000566 0.889825 0.031204 0.455233
46.95944 868.0116 22.43636 -516.3554 -7.9e-05 0.889661 0.031792 0.455513
47.06306 870.1571 22.53588 -517.9222 0.000457 0.889445 0.031478 0.455956
47.16655 872.2938 22.63292 -519.4836 0.001513 0.889131 0.031473 0.456568
47.27016 874.4419 22.72987 -521.0493 0.002566 0.888714 0.031953 0.457341
47.37377 876.5885 22.82659 -522.608 0.002901 0.888279 0.032522 0.458143
47.47739 878.7368 22.92504 -524.1609 0.002632 0.887884 0.033297 0.458854
47.58103 880.8822 23.02388 -525.7065 0.002632 0.887549 0.033715 0.459471
47.68477 883.0323 23.12541 -527.2479 0.002462 0.887191 0.03427 0.460122
47.78931 885.2001 23.22957 -528.7963 0.001931 0.886886 0.0343 0.460709
47.89209 887.3238 23.32974 -530.3079 0.001507 0.886602 0.03376 0.461297
47.99584 889.4706 23.43087 -531.831 0.001302 0.886285 0.033536 0.461923
48.09949 891.6091 23.53263 -533.3456 0.001312 0.885977 0.033766 0.462496
48.2032 893.755 23.63418 -534.8619 0.001484 0.885636 0.033822 0.463144
48.30682 895.8952 23.73415 -536.3697 0.001942 0.885347 0.033695 0.463704
48.41045 898.0347 23.83529 -537.8732 0.001541 0.885067 0.034272 0.464198
48.51417 900.1742 23.94138 -539.3743 0.001788 0.884821 0.034969 0.464613
48.6178 902.3079 24.04861 -540.8662 0.001527 0.884594 0.035021 0.465042
48.72166 904.4565 24.15887 -542.3632 0.00112 0.884393 0.034975 0.465429
48.82516 906.591 24.26707 -543.8481 0.001086 0.884222 0.034641 0.465779
48.92878 908.7272 24.37286 -545.3321 0.000655 0.884088 0.034154 0.466071
49.03237 910.8623 24.47974 -546.8143 0.000498 0.883954 0.034035 0.466334
49.136 912.9899 24.58493 -548.2919 0.00096 0.883846 0.033876 0.466549
49.23948 915.123 24.68802 -549.7727 0.00186 0.883754 0.033358 0.466757
49.34322 917.2617 24.78905 -551.2578 0.001947 0.883652 0.033954 0.466907
49.44671 919.4006 24.89471 -552.7312 0.001585 0.883498 0.035571 0.46708
49.55058 921.5445 25.01399 -554.2024 0.000713 0.883461 0.035548 0.467153
49.65411 923.6762 25.1219 -555.6621 0.001319 0.88358 0.031528 0.467216
49.75756 925.8066 25.21008 -557.1257 0.002068 0.883643 0.029063 0.467254
49.86116 927.945 25.3008 -558.5951 0.000448 0.883557 0.030677 0.467317
49.96478 930.0863 25.41005 -560.0649 -0.001085 0.883391 0.033882 0.46741
50.06853 932.2263 25.52985 -561.5352 -0.001223 0.883282 0.035065 0.467527
50.17201 934.3539 25.65168 -562.9959 -0.00053 0.883161 0.035176 0.467748
50.27565 936.4928 25.77269 -564.4662 0.000148 0.883002 0.035315 0.468039
50.37937 938.6325 25.89232 -565.9327 -0.000128 0.882819 0.035926 0.468338
50.483 940.7719 26.01411 -567.3969 -0.00077 0.882629 0.036197 0.468674
50.58661 942.9158 26.13759 -568.8595 -0.001163 0.882448 0.036299 0.469006
50.69023 945.0575 26.26007 -570.322 -0.000382 0.882225 0.035272 0.469505
50.79395 947.2049 26.38159 -571.7862 -6e-05 0.881971 0.035269 0.469982
50.89757 949.3532 26.50083 -573.2481 0.000222 0.881637 0.0357 0.470576
51.00131 951.5077 26.62079 -574.7102 0.000233 0.881364 0.035902 0.471072
51.10507 953.6604 26.74228 -576.1661 0.000547 0.881136 0.035632 0.471519
51.20867 955.8153 26.86169 -577.6191 0.000523 0.880862 0.035386 0.472049
51.31245 957.9804 26.98219 -579.0749 -0.000237 0.88061 0.036072 0.472466
51.41604 960.1378 27.09965 -580.5258 3.3e-05 0.880399 0.036407 0.472835
51.51976 962.3019 27.22009 -581.9778 -0.000476 0.880143 0.037269 0.473244
51.62338 964.464 27.3483 -583.4246 -0.001592 0.879855 0.039249 0.473615
51.72712 966.6368 27.48447 -584.8741 -0.002985 0.879651 0.039779 0.473944
51.83073 968.8004 27.62785 -586.315 -0.003611 0.879558 0.039805 0.47411
51.9345 970.9633 27.76619 -587.7582 -0.002502 0.879553 0.038892 0.474202
52.03809 973.1252 27.89962 -589.2041 -0.000928 0.879511 0.038918 0.474284
52.14183 975.2876 28.02995 -590.6491 -0.000194 0.879489 0.039271 0.474297
52.24544 977.4553 28.16051 -592.0933 -0.000447 0.879503 0.038978 0.474294
52.34918 979.6246 28.29193 -593.5333 -0.002204 0.879549 0.038327 0.474258
52.45295 981.7949 28.42396 -594.9757 -0.002443 0.879668 0.037101 0.474134
52.55666 983.9617 28.55465 -596.4211 -0.001662 0.879656 0.037222 0.474149
52.66028 986.1268 28.68428 -597.8687 -0.000792 0.879564 0.038614 0.474211
52.7639 988.2929 28.81455 -599.3177 0.00025 0.87947 0.039009 0.474354
52.86764 990.4617 28.9454 -600.7664 0.000978 0.879413 0.038851 0.47447
52.97127 992.6304 29.07443 -602.2122 0.00104 0.879339 0.039019 0.474594
53.07487 994.799 29.20365 -603.6558 0.000932 0.879218 0.03931 0.474794
53.17848 996.9663 29.33236 -605.0961 0.000949 0.879068 0.039144 0.475086
53.28224 999.1375 29.45851 -606.5369 0.001003 0.878933 0.038335 0.475401
53.38584 1001.304 29.58125 -607.9732 0.00091 0.87878 0.038061 0.475705
53.48946 1003.471 29.70297 -609.4078 0.000806 0.878606 0.038438 0.475997
53.59309 1005.637 29.82681 -610.8397 0.000279 0.878415 0.039307 0.476279
53.69668 1007.806 29.95555 -612.2697 -0.000493 0.878237 0.039989 0.476551
53.80032 1009.973 30.08734 -613.6954 -0.001405 0.878181 0.039846 0.476664
53.90404 1012.137 30.21781 -615.1186 -0.001226 0.878139 0.038526 0.476849
54.00765 1014.298 30.3449 -616.5381 -0.001379 0.878073 0.037525 0.477051
54.11144 1016.458 30.47099 -617.9592 -0.00105 0.87795 0.037842 0.477254
54.21503 1018.616 30.59832 -619.3811 -0.00072 0.877823 0.038482 0.477436
54.31875 1020.773 30.72311 -620.8006 -0.000149 0.87773 0.038199 0.477631
54.42237 1022.925 30.84525 -622.2172 0.000419 0.877668 0.038578 0.477713
54.52598 1025.074 30.96719 -623.6311 0.000876 0.877548 0.039513 0.477857
54.62972 1027.219 31.08777 -625.042 0.002188 0.877436 0.039609 0.47805
54.73334 1029.367 31.20927 -626.4527 0.002534 0.877226 0.039971 0.478404
54.83708 1031.514 31.3327 -627.8572 0.00193 0.877041 0.040237 0.478724
54.9407 1033.658 31.45684 -629.2527 0.000611 0.876901 0.039011 0.479085
55.04431 1035.804 31.58219 -630.6416 -0.0017 0.876796 0.038045 0.479352
55.14795 1037.942 31.70698 -632.0242 -0.00283 0.876669 0.036608 0.479691
55.25154 1040.088 31.82813 -633.4108 -0.003203 0.876494 0.035081 0.480122
55.3553 1042.231 31.94674 -634.7988 -0.002416 0.876203 0.035183 0.48065
55.4589 1044.372 32.06456 -636.1849 -0.00212 0.875835 0.036217 0.481246
55.56254 1046.514 32.18651 -637.5675 -0.00157 0.875452 0.037069 0.481879
55.66625 1048.656 32.31052 -638.9462 -0.001157 0.875123 0.037712 0.482427
55.76989 1050.796 32.43167 -640.3174 -0.000826 0.874894 0.03668 0.482923
55.87361 1052.94 32.54722 -641.685 -0.000417 0.874735 0.035506 0.4833
55.97729 1055.084 32.65961 -643.0515 0.000314 0.874527 0.035449 0.48368
56.08086 1057.226 32.77429 -644.4173 0.000591 0.874177 0.037184 0.484182
56.18447 1059.374 32.89861 -645.784 -5.1e-05 0.873903 0.039192 0.484518
56.28813 1061.525 33.0293 -647.1441 -0.000853 0.873664 0.039235 0.484944
56.3917 1063.674 33.16135 -648.4919 -0.003084 0.87356 0.038245 0.485202
56.49531 1065.821 33.29059 -649.8375 -0.004379 0.873537 0.036723 0.485351
56.59892 1067.966 33.4162 -651.1855 -0.00466 0.873474 0.035977 0.485517
56.70242 1070.112 33.53835 -652.5347 -0.004249 0.873407 0.035225 0.485696
56.80603 1072.257 33.65737 -653.8847 -0.003505 0.873368 0.035024 0.485788
56.90964 1074.401 33.77429 -655.2353 -0.002662 0.873324 0.035211 0.485857
57.01338 1076.547 33.89027 -656.5901 -0.001187 0.873272 0.036007 0.485899
57.117 1078.687 34.0047 -657.9412 -0.000519 0.873174 0.036777 0.486018
57.22062 1080.84 34.12492 -659.2934 -0.001527 0.873075 0.037736 0.486121
57.32423 1082.986 34.24794 -660.6391 -0.001539 0.873018 0.037526 0.48624
57.42772 1085.128 34.36709 -661.9814 -0.00016 0.872853 0.036317 0.486629
57.53136 1087.27 34.48078 -663.3284 0.00234 0.872577 0.036029 0.48714
57.63495 1089.413 34.5871 -664.6693 0.003307 0.872138 0.035869 0.487931
57.73859 1091.568 34.69434 -666.014 0.003106 0.871844 0.037137 0.488364
57.84218 1093.718 34.80575 -667.3474 0.00379 0.871627 0.036317 0.488808
57.9458 1095.878 34.92102 -668.6777 0.001182 0.87136 0.037807 0.489183
58.04953 1098.041 35.04702 -670.0112 -0.000411 0.871161 0.039418 0.489412
58.15318 1100.195 35.17977 -671.3409 -0.000196 0.870931 0.040254 0.489754
58.25681 1102.354 35.311 -672.6726 0.000735 0.870664 0.039498 0.490289
58.3604 1104.507 35.43368 -673.9958 0.001604 0.870438 0.038148 0.490795
58.464 1106.668 35.54872 -675.3171 0.001286 0.870171 0.037877 0.49129
58.56762 1108.829 35.66545 -676.6374 0.001075 0.869907 0.038257 0.491728
58.67136 1110.993 35.78536 -677.9581 0.000998 0.869635 0.038441 0.492195
58.77497 1113.157 35.90472 -679.272 0.00054 0.869373 0.038884 0.492623
58.87871 1115.326 36.02658 -680.5868 0.000228 0.869115 0.039539 0.493027
58.98246 1117.494 36.14825 -681.8958 0.000215 0.868891 0.03926 0.493444
59.08607 1119.659 36.26861 -683.201 0.000783 0.868669 0.038602 0.493886
59.18981 1121.838 36.38796 -684.5117 0.000829 0.868413 0.038205 0.494366
59.29357 1124.019 36.51109 -685.8237 0.000184 0.868157 0.038283 0.494811
59.39717 1126.198 36.63445 -687.1319 0.000125 0.867929 0.0384 0.495202
59.50091 1128.381 36.75667 -688.4392 0.000871 0.867691 0.037974 0.495651
59.60465 1130.564 36.87463 -689.7431 0.001057 0.867417 0.037093 0.496196
59.70826 1132.753 36.99032 -691.0464 0.000973 0.867148 0.036786 0.496689
59.812 1134.946 37.10266 -692.3504 0.001349 0.866932 0.036442 0.497091
59.91574 1137.143 37.21242 -693.654 0.001659 0.866691 0.036143 0.497531
60.01948 1139.341 37.32204 -694.9554 0.001797 0.866473 0.036275 0.497902
60.1231 1141.541 37.43261 -696.2551 0.001717 0.866229 0.03656 0.498306
60.22684 1143.749 37.54673 -697.556 0.001485 0.866037 0.036563 0.498639
60.33046 1145.954 37.66114 -698.8522 0.000751 0.865929 0.036642 0.498823
60.43407 1148.163 37.77645 -700.1487 0.000352 0.865895 0.036269 0.498909
60.53783 1150.376 37.89135 -701.445 -7.5e-05 0.865949 0.035769 0.498851
60.64143 1152.585 38.00681 -702.7408 -0.000421 0.866016 0.036197 0.498704
60.74517 1154.8 38.12449 -704.0408 -0.00025 0.866091 0.036312 0.498566
60.84878 1157.012 38.24356 -705.3377 0.000322 0.866158 0.035775 0.498488
60.9524 1159.229 38.36214 -706.6378 0.000235 0.86616 0.036513 0.498431
61.05614 1161.448 38.48244 -707.9363 0.00067 0.866197 0.036836 0.498343
61.15976 1163.663 38.60075 -709.2369 0.001739 0.86629 0.035884 0.498248
61.26337 1165.886 38.71705 -710.5384 0.001641 0.866318 0.036283 0.498171
61.36698 1168.11 38.83461 -711.8436 0.000809 0.866341 0.036809 0.498094
61.47063 1170.337 38.95544 -713.1505 0.00094 0.86637 0.036813 0.498044
61.57422 1172.562 39.07728 -714.459 0.001811 0.866333 0.036331 0.49814
61.67785 1174.79 39.19328 -715.7678 0.002974 0.866192 0.035675 0.498428
61.78412 1177.083 39.30786 -717.1122 0.003002 0.865983 0.03632 0.498744
61.88524 1179.271 39.41873 -718.394 0.0025 0.865806 0.037214 0.498988
61.98891 1181.516 39.54154 -719.7105 0.001521 0.865667 0.03887 0.499107
62.09242 1183.758 39.67071 -721.0223 0.001111 0.865609 0.039421 0.499164
62.19657 1186.021 39.80234 -722.3448 0.000815 0.865548 0.039078 0.499298
62.30001 1188.272 39.93274 -723.6591 0.00078 0.865516 0.038037 0.499435
62.40341 1190.524 40.06015 -724.9743 0.00092 0.865443 0.037572 0.499595
62.50702 1192.784 40.18605 -726.2948 0.001 0.865269 0.037819 0.499879
62.61105 1195.054 40.30956 -727.6201 0.001372 0.865063 0.037507 0.500257
62.71412 1197.315 40.43252 -728.937 0.001951 0.86481 0.037108 0.500723
62.81773 1199.585 40.55332 -730.2584 0.002502 0.864636 0.036621 0.501056
62.92155 1201.867 40.67201 -731.5819 0.002496 0.864382 0.036838 0.501479
63.02496 1204.142 40.79001 -732.8978 0.002468 0.864152 0.037543 0.501823
63.12857 1206.417 40.90637 -734.2126 0.002598 0.863967 0.037559 0.502139
63.23221 1208.709 41.02557 -735.534 0.002533 0.863784 0.037911 0.502427
63.33569 1210.993 41.14443 -736.8459 0.001923 0.863582 0.038152 0.502759
63.4393 1213.283 41.26512 -738.1592 0.00199 0.863365 0.037978 0.503145
63.54291 1215.578 41.3833 -739.4756 0.002295 0.863094 0.038273 0.503585
63.64652 1217.874 41.50237 -740.7904 0.002721 0.862704 0.038136 0.504263
63.75003 1220.173 41.61726 -742.1052 0.003262 0.862264 0.037395 0.505066
63.85363 1222.478 41.72981 -743.4152 0.003581 0.861841 0.036679 0.505838
63.95724 1224.787 41.83738 -744.7223 0.00421 0.861414 0.035906 0.506615
64.06073 1227.101 41.9435 -746.0279 0.004432 0.861002 0.035766 0.507323
64.16435 1229.416 42.04989 -747.3281 0.004266 0.86063 0.036144 0.507929
64.26797 1231.744 42.15831 -748.6314 0.003499 0.860357 0.036113 0.508399
64.37158 1234.074 42.26955 -749.9294 0.003297 0.860238 0.035215 0.508665
64.4752 1236.405 42.3792 -751.2267 0.003378 0.8601 0.034118 0.508973
64.57871 1238.735 42.48429 -752.5197 0.003597 0.859951 0.033424 0.509269
64.68258 1241.082 42.5865 -753.8235 0.00427 0.859789 0.033294 0.509544
64.78594 1243.423 42.68651 -755.1203 0.004392 0.859589 0.033683 0.509856
64.88962 1245.771 42.78686 -756.4194 0.004459 0.859439 0.034022 0.510085
64.99315 1248.123 42.88754 -757.7175 0.004176 0.859254 0.034099 0.510395
65.09677 1250.478 42.99082 -759.0137 0.003635 0.859063 0.034335 0.510705
65.20041 1252.841 43.09761 -760.312 0.00322 0.858872 0.034645 0.511007
65.30413 1255.209 43.2069 -761.6116 0.002895 0.858672 0.034978 0.511323
65.40774 1257.579 43.32063 -762.911 0.002677 0.858428 0.036187 0.511648
65.51137 1259.949 43.4359 -764.2087 0.003195 0.858236 0.036173 0.511968
65.61497 1262.318 43.54782 -765.5015 0.003865 0.8581 0.034648 0.512297
65.7193 1264.716 43.65179 -766.8074 0.005107 0.857997 0.032022 0.512631
65.82245 1267.084 43.73951 -768.0952 0.006864 0.857875 0.029188 0.512982
65.92608 1269.473 43.81598 -769.3932 0.007278 0.857627 0.028854 0.51341
66.02981 1271.868 43.89318 -770.6928 0.006743 0.857373 0.030225 0.513763
66.13343 1274.261 43.97657 -771.9869 0.006372 0.857188 0.030534 0.514059
66.23718 1276.67 44.06634 -773.287 0.005375 0.85704 0.031711 0.514245
66.3409 1279.074 44.15904 -774.5821 0.00472 0.856911 0.032388 0.514425
66.44452 1281.478 44.25252 -775.8763 0.004791 0.856766 0.032685 0.514646
66.54825 1283.885 44.34661 -777.1708 0.004826 0.85663 0.032776 0.514867
66.65188 1286.29 44.43881 -778.4617 0.005114 0.856473 0.032258 0.515157
66.75549 1288.696 44.52846 -779.7516 0.005258 0.856337 0.031691 0.515417
66.8591 1291.103 44.61411 -781.0407 0.005746 0.856232 0.030889 0.515634
66.96272 1293.51 44.6961 -782.3282 0.00621 0.856064 0.03065 0.515924
67.06634 1295.919 44.77631 -783.6147 0.005994 0.855896 0.031029 0.516182
67.16996 1298.329 44.85866 -784.899 0.005588 0.855707 0.031253 0.516486
67.27357 1300.742 44.94119 -786.1825 0.005684 0.855589 0.031024 0.516694
67.37719 1303.154 45.0228 -787.464 0.005581 0.855454 0.031085 0.516914
67.4808 1305.561 45.1037 -788.7421 0.006111 0.855287 0.030778 0.517203
67.58429 1307.966 45.18137 -790.0173 0.006677 0.855121 0.03017 0.517508
67.68791 1310.38 45.25492 -791.2954 0.007301 0.854992 0.029539 0.517748
67.79152 1312.794 45.32493 -792.5713 0.007406 0.854881 0.029353 0.51794
67.89514 1315.208 45.39321 -793.8437 0.007041 0.854715 0.029466 0.518214
67.99874 1317.624 45.46362 -795.1168 0.006471 0.854518 0.030334 0.518495
68.10226 1320.032 45.53831 -796.3846 0.007112 0.854343 0.030655 0.518756
68.20586 1322.449 45.62651 -797.6481 0.007723 0.854166 0.030088 0.519071
68.3095 1324.867 45.70716 -798.907 0.007605 0.853994 0.02995 0.519365
68.41296 1327.287 45.80071 -800.1723 0.007208 0.85388 0.029703 0.519572
68.5166 1329.709 45.86664 -801.4285 0.007259 0.85375 0.029022 0.519822
68.6202 1332.123 45.92005 -802.6887 0.007723 0.853621 0.02757 0.520108
68.7237 1334.542 45.96958 -803.95 0.00811 0.853522 0.026708 0.520309
68.8273 1336.962 46.01545 -805.2106 0.007967 0.853364 0.02708 0.52055
68.93092 1339.38 46.06417 -806.4689 0.008076 0.853202 0.028011 0.520765
69.03442 1341.797 46.11465 -807.7231 0.007828 0.853052 0.028546 0.520986
69.13804 1344.212 46.16921 -808.9741 0.007941 0.852957 0.0277 0.521186
69.24164 1346.638 46.21961 -810.2296 0.008046 0.85285 0.026731 0.521408
69.34525 1349.058 46.27189 -811.4819 0.008195 0.852764 0.026352 0.521567
69.44887 1351.478 46.32033 -812.7339 0.008595 0.852634 0.025978 0.521792
69.55253 1353.902 46.36595 -813.9856 0.008659 0.852465 0.026062 0.522062
69.6561 1356.319 46.41171 -815.2327 0.008654 0.852299 0.026642 0.522304
69.75972 1358.741 46.45846 -816.4808 0.008473 0.852119 0.026945 0.522585
69.86333 1361.156 46.50728 -817.7234 0.008374 0.851975 0.026688 0.522835
69.96682 1363.568 46.55681 -818.9605 0.008186 0.85185 0.026624 0.523045
70.07046 1365.979 46.60484 -820.1971 0.00859 0.851718 0.026234 0.523273
70.17405 1368.388 46.65299 -821.4312 0.008338 0.851553 0.026269 0.523544
70.27768 1370.797 46.70062 -822.6635 0.008409 0.851432 0.026165 0.523745
70.38141 1373.206 46.74966 -823.8932 0.008552 0.851272 0.025921 0.524014
70.48505 1375.612 46.79807 -825.1194 0.008822 0.851125 0.025793 0.524255
70.58876 1378.014 46.84358 -826.3424 0.009658 0.85091 0.025399 0.524608
70.69238 1380.423 46.88691 -827.566 0.010005 0.850657 0.02524 0.52502
70.79599 1382.83 46.92624 -828.785 0.010454 0.850396 0.02456 0.525465
70.89976 1385.241 46.96243 -830.0028 0.010578 0.85019 0.024167 0.525814
71.00335 1387.647 46.99431 -831.2155 0.010845 0.850009 0.023326 0.52614
71.1072 1390.058 47.02338 -832.428 0.010517 0.849801 0.022955 0.526498
71.21082 1392.473 47.05185 -833.6398 0.010112 0.849619 0.022759 0.526809
71.31434 1394.883 47.07894 -834.847 0.009734 0.849403 0.022793 0.527163
71.41808 1397.297 47.10779 -836.0545 0.009809 0.849161 0.022737 0.527554
71.5218 1399.712 47.13563 -837.2586 0.009691 0.848896 0.023089 0.527966
71.62541 1402.118 47.16495 -838.4586 0.00982 0.84867 0.023116 0.528326
71.72915 1404.531 47.1942 -839.6596 0.010372 0.848452 0.023139 0.528664
71.8329 1406.94 47.22089 -840.856 0.010589 0.848215 0.023287 0.529033
71.93653 1409.345 47.24749 -842.0488 0.01089 0.84798 0.023591 0.529392
72.04025 1411.748 47.27064 -843.2372 0.011443 0.847739 0.022964 0.529793
72.14399 1414.145 47.29259 -844.4199 0.011723 0.847509 0.022618 0.530169
72.2476 1416.545 47.31261 -845.6026 0.011993 0.847279 0.022077 0.530553
72.35137 1418.942 47.32869 -846.782 0.012732 0.847035 0.021795 0.530937
72.45496 1421.338 47.34203 -847.9587 0.012993 0.846785 0.021798 0.531329
72.55861 1423.739 47.3582 -849.1316 0.012565 0.846592 0.021939 0.531641
72.66232 1426.137 47.37431 -850.3038 0.012408 0.846469 0.02148 0.53186
72.76606 1428.54 47.39107 -851.4737 0.012475 0.84633 0.021104 0.532095
72.86969 1430.939 47.40614 -852.6428 0.012773 0.846206 0.020235 0.532318
72.97342 1433.338 47.41639 -853.8098 0.01308 0.846042 0.019463 0.5326
73.07716 1435.735 47.42141 -854.9747 0.0133 0.845889 0.019337 0.532843
73.18081 1438.134 47.42352 -856.1389 0.01327 0.84571 0.019366 0.533126
73.2844 1440.537 47.42646 -857.302 0.0126 0.845558 0.019833 0.533366
73.38813 1442.936 47.43237 -858.4621 0.012509 0.845431 0.01948 0.533582
73.49174 1445.33 47.43887 -859.6177 0.01287 0.845278 0.019164 0.533827
73.59536 1447.721 47.4462 -860.7713 0.01273 0.845044 0.019376 0.534195
73.69898 1450.116 47.45202 -861.9226 0.012626 0.844876 0.019205 0.534469
73.80272 1452.509 47.45636 -863.0706 0.01263 0.844759 0.018935 0.534663
73.90633 1454.899 47.45953 -864.2129 0.012357 0.844611 0.019025 0.5349
74.01009 1457.288 47.46458 -865.3539 0.012277 0.844451 0.019526 0.535136
74.11368 1459.672 47.46995 -866.4905 0.012252 0.84426 0.020015 0.53542
74.21743 1462.058 47.47405 -867.6272 0.01224 0.844077 0.020307 0.535698
74.32104 1464.432 47.47977 -868.7581 0.012513 0.843895 0.020503 0.53597
74.4247 1466.807 47.47599 -869.8865 0.012544 0.843717 0.02034 0.536256
74.52842 1469.182 47.46689 -871.0138 0.012367 0.843576 0.020276 0.536485
74.63201 1471.55 47.46029 -872.135 0.012482 0.84336 0.019893 0.536836
74.73578 1473.92 47.45073 -873.2573 0.012654 0.843215 0.019861 0.537061
74.83937 1476.283 47.43923 -874.3734 0.012538 0.843053 0.019839 0.537319
74.94298 1478.642 47.42685 -875.4851 0.012438 0.842884 0.019864 0.537584
75.04674 1481.001 47.42477 -876.5934 0.012296 0.842778 0.02004 0.537748
75.15034 1483.348 47.42592 -877.6953 0.011946 0.842772 0.019922 0.537769
75.25396 1485.696 47.43611 -878.7965 0.011395 0.842791 0.020306 0.537736
75.3577 1488.042 47.44804 -879.897 0.011337 0.842838 0.020924 0.537641
75.46143 1490.381 47.45675 -880.9934 0.011211 0.842863 0.021075 0.537599
75.56505 1492.712 47.46804 -882.085 0.010921 0.842845 0.021177 0.537628
75.66879 1495.041 47.47876 -883.175 0.010928 0.842822 0.020664 0.537684
75.77241 1497.363 47.49161 -884.2612 0.010785 0.842786 0.020533 0.537749
75.87616 1499.686 47.51405 -885.3464 0.010229 0.842732 0.021074 0.537823
75.97976 1501.996 47.5321 -886.427 0.01094 0.842647 0.021124 0.53794
76.08325 1504.298 47.54396 -887.5023 0.011609 0.842484 0.02032 0.538213
76.18687 1506.608 47.55386 -888.5793 0.011542 0.842304 0.02065 0.538483
76.29048 1508.913 47.56552 -889.6524 0.011606 0.842089 0.021733 0.538776
76.3941 1511.216 47.58029 -890.7229 0.011379 0.84191 0.022565 0.539026
76.49761 1513.51 47.59751 -891.7874 0.011806 0.841749 0.022016 0.539291
76.60121 1515.801 47.61124 -892.8485 0.012304 0.841601 0.021708 0.539523
76.70486 1518.096 47.62399 -893.9096 0.01261 0.841411 0.021332 0.539827
76.80845 1520.388 47.63313 -894.9665 0.012177 0.841252 0.021576 0.540076
76.91195 1522.676 47.64596 -896.0191 0.011599 0.841064 0.022308 0.54035
77.01555 1524.961 47.66736 -897.0705 0.011383 0.840915 0.022708 0.540571
77.11918 1527.242 47.68706 -898.117 0.01101 0.840724 0.022906 0.540867
77.22277 1529.523 47.70517 -899.1623 0.011237 0.840558 0.022783 0.541126
77.32639 1531.795 47.7202 -900.2017 0.012105 0.840398 0.021614 0.541403
77.43001 1534.067 47.73131 -901.2401 0.012942 0.840207 0.020617 0.541719
77.53363 1536.337 47.73818 -902.2742 0.012396 0.839988 0.021126 0.542052
77.63724 1538.605 47.75082 -903.306 0.011492 0.839794 0.022128 0.542332
77.74086 1540.873 47.76928 -904.3349 0.010377 0.839592 0.023554 0.542608
77.84447 1543.134 47.79346 -905.3584 0.010335 0.839425 0.023779 0.542856
77.94826 1545.392 47.81679 -906.3787 0.010553 0.839297 0.022951 0.543086
78.05183 1547.641 47.83343 -907.3939 0.011057 0.839082 0.022035 0.543446
78.15545 1549.884 47.84794 -908.4067 0.011845 0.838862 0.022258 0.54376
78.25919 1552.134 47.86034 -909.4203 0.011779 0.838627 0.022767 0.544102
78.3628 1554.374 47.87274 -910.4252 0.010944 0.838505 0.022803 0.544306
78.46642 1556.611 47.88768 -911.4271 0.010203 0.838553 0.023015 0.544239
78.57005 1558.842 47.90468 -912.4266 0.009586 0.838707 0.022916 0.544017
78.67377 1561.071 47.92615 -913.4263 0.008745 0.838933 0.023561 0.543654
78.77738 1563.292 47.94997 -914.4261 0.008909 0.839165 0.023782 0.543284
78.88101 1565.507 47.97397 -915.4256 0.009346 0.839391 0.023446 0.542941
78.98461 1567.716 47.99707 -916.4241 0.009335 0.839614 0.022916 0.54262
79.08825 1569.92 48.01985 -917.4222 0.009178 0.839799 0.022999 0.542332
79.19184 1572.126 48.04377 -918.4232 0.008997 0.839981 0.022822 0.542062
79.29558 1574.331 48.06802 -919.4263 0.008671 0.840165 0.023308 0.541761
79.3992 1576.528 48.09301 -920.4289 0.009141 0.840362 0.023295 0.541448
79.50283 1578.723 48.11923 -921.4312 0.009404 0.840531 0.023004 0.541192
79.60643 1580.91 48.14314 -922.4315 0.009472 0.840739 0.022866 0.540875
79.71007 1583.106 48.16606 -923.4386 0.009731 0.840969 0.023094 0.540503
79.81379 1585.294 48.1891 -924.4438 0.009748 0.841297 0.023168 0.539988
79.9174 1587.477 48.21155 -925.4494 0.009131 0.841798 0.023409 0.539208
80.02104 1589.656 48.23639 -926.4574 0.00847 0.842481 0.02364 0.53814
80.12463 1591.825 48.2626 -927.4666 0.007722 0.843229 0.023649 0.536979
80.22839 1593.998 48.29025 -928.484 0.007373 0.843957 0.023893 0.535828
80.33199 1596.156 48.31939 -929.5025 0.007422 0.844682 0.024158 0.534671
80.4356 1598.309 48.34906 -930.5255 0.007281 0.845375 0.024207 0.533574
80.53935 1600.456 48.37802 -931.5523 0.007013 0.846129 0.023793 0.532401
80.64296 1602.594 48.40548 -932.5808 0.006819 0.84695 0.023464 0.531111
80.7467 1604.728 48.43406 -933.6148 0.006499 0.84782 0.023231 0.529734
80.85032 1606.851 48.46143 -934.6535 0.006233 0.848661 0.023693 0.528369
80.95406 1608.968 48.49195 -935.6991 0.006536 0.849302 0.024489 0.527299
81.05769 1611.079 48.52624 -936.747 0.006279 0.849899 0.025193 0.526306
81.16143 1613.177 48.56114 -937.7953 0.00635 0.850491 0.025153 0.52535
81.26503 1615.276 48.59697 -938.8488 0.0062 0.851058 0.024965 0.52444
81.36877 1617.365 48.63325 -939.9034 0.00601 0.851611 0.024893 0.523548
81.47239 1619.446 48.67009 -940.9606 0.005763 0.852114 0.025433 0.522706
81.576 1621.514 48.70767 -942.0174 0.006613 0.852437 0.025397 0.522171
81.67961 1623.582 48.74551 -943.0798 0.007385 0.8526 0.026046 0.521863
81.78311 1625.639 48.78112 -944.1387 0.008125 0.852749 0.026076 0.521606
81.88672 1627.692 48.81364 -945.1948 0.008698 0.852985 0.025183 0.521255
81.99035 1629.739 48.84336 -946.2493 0.00837 0.85319 0.024342 0.520965
82.09395 1631.78 48.87178 -947.302 0.008222 0.853378 0.02408 0.520671
82.19758 1633.819 48.89792 -948.3574 0.008398 0.853534 0.02402 0.520415
82.30118 1635.848 48.92252 -949.4093 0.008991 0.853676 0.023696 0.520188
82.40492 1637.876 48.94713 -950.4616 0.008786 0.853722 0.024192 0.520093
82.50854 1639.898 48.97459 -951.509 0.008288 0.853731 0.024586 0.520068
82.61216 1641.905 49.00261 -952.5509 0.008663 0.853681 0.024111 0.520166
82.71589 1643.92 49.03083 -953.5981 0.008534 0.853532 0.024432 0.520397
82.81952 1645.927 49.06123 -954.6358 0.007664 0.853218 0.024651 0.520916
82.92313 1647.929 49.09362 -955.6718 0.007732 0.852889 0.025883 0.521393
83.02688 1649.931 49.1307 -956.7025 0.007202 0.852316 0.027797 0.522238
83.13048 1651.926 49.17785 -957.7232 0.006767 0.851758 0.028977 0.523089
83.23422 1653.922 49.22771 -958.7392 0.006197 0.851322 0.028827 0.523814
83.33786 1655.907 49.27404 -959.7429 0.005997 0.85082 0.026701 0.524745
83.44164 1657.888 49.31059 -960.7445 0.00971 0.850232 0.024372 0.525754
83.54523 1659.868 49.33671 -961.7407 0.01146 0.849439 0.023787 0.527026
83.64884 1661.857 49.36368 -962.7322 0.010932 0.848548 0.026059 0.528363
83.75255 1663.845 49.39845 -963.7141 0.01075 0.847658 0.026832 0.529754
83.85629 1665.835 49.43882 -964.6864 0.009788 0.846907 0.027663 0.530931
83.96003 1667.828 49.48118 -965.652 0.008726 0.846277 0.028167 0.531926
84.06365 1669.813 49.52421 -966.61 0.008995 0.84577 0.028051 0.532734
84.16741 1671.797 49.56456 -967.5649 0.010022 0.845303 0.028252 0.533446
84.271 1673.786 49.60599 -968.517 0.009725 0.84477 0.029314 0.534238
84.3751 1675.782 49.6513 -969.4644 0.008907 0.844381 0.028971 0.534885
84.47843 1677.761 49.69653 -970.3985 0.007917 0.844245 0.028347 0.535149
84.58213 1679.74 49.74 -971.3312 0.007438 0.8442 0.027383 0.535277
84.68572 1681.723 49.78185 -972.2641 0.006601 0.844085 0.026863 0.535495
84.78941 1683.703 49.82334 -973.1964 0.006032 0.843986 0.026889 0.535658
84.89317 1685.682 49.86559 -974.1288 0.005702 0.843931 0.027166 0.535732
84.99684 1687.655 49.90905 -975.0597 0.006132 0.843919 0.027371 0.535736
85.10049 1689.621 49.95262 -975.9855 0.005957 0.843903 0.027227 0.535771
85.20407 1691.585 49.99582 -976.9105 0.006124 0.843922 0.027048 0.535749
85.30768 1693.546 50.03776 -977.8338 0.006306 0.843949 0.026696 0.535722
85.41144 1695.506 50.07832 -978.7577 0.006517 0.843888 0.027045 0.535797
85.51502 1697.46 50.12017 -979.6789 0.006519 0.843718 0.027783 0.536027
85.61878 1699.416 50.16515 -980.5994 0.006403 0.843497 0.028757 0.536326
85.72309 1701.378 50.21139 -981.5203 0.006425 0.843304 0.028577 0.536638
85.8265 1703.321 50.25832 -982.4311 0.006544 0.843138 0.029225 0.536863
85.92977 1705.258 50.30572 -983.3354 0.005797 0.842862 0.028962 0.537318
86.03369 1707.206 50.35512 -984.2435 0.005721 0.842642 0.029191 0.537651
86.13739 1709.144 50.40598 -985.1451 0.005646 0.842255 0.029923 0.538219
86.24076 1711.078 50.45685 -986.0442 0.006706 0.841806 0.029542 0.538929
86.34447 1713.011 50.50409 -986.939 0.008159 0.841332 0.028628 0.539699
86.44845 1714.95 50.54622 -987.8314 0.008281 0.840873 0.028131 0.540438
86.55186 1716.881 50.58931 -988.7143 0.006993 0.840399 0.029362 0.541127
86.65563 1718.815 50.63886 -989.5928 0.005413 0.839974 0.029922 0.541774
86.75938 1720.748 50.69222 -990.4667 0.004562 0.839573 0.029858 0.542407
86.86301 1722.678 50.74708 -991.3366 0.003815 0.839136 0.030327 0.543063
86.96692 1724.608 50.80392 -992.2037 0.003637 0.838713 0.03055 0.543705
87.07055 1726.528 50.85882 -993.0631 0.003938 0.838317 0.029629 0.544363
87.17411 1728.444 50.91307 -993.9181 0.003715 0.837956 0.030096 0.544894
87.27832 1730.369 50.96953 -994.7738 0.003304 0.837633 0.031198 0.545331
87.38166 1732.261 51.02122 -995.6156 0.003987 0.837461 0.029745 0.545672
87.48535 1734.159 51.0717 -996.4578 0.004316 0.837294 0.029685 0.545929
87.58896 1736.038 51.12203 -997.293 0.005666 0.837128 0.030607 0.546121
87.6927 1737.915 51.1702 -998.1264 0.006728 0.837018 0.031337 0.546236
87.7963 1739.776 51.21849 -998.9527 0.007195 0.837006 0.032952 0.546153
87.90012 1741.629 51.2688 -999.7741 0.007263 0.837075 0.033891 0.545989
88.00384 1743.475 51.32253 -1000.59 0.006664 0.837213 0.033756 0.545794
88.1074 1745.308 51.37573 -1001.398 0.005899 0.837407 0.032909 0.545556
88.2116 1747.151 51.44766 -1002.199 0.005023 0.837661 0.031597 0.545253
88.31496 1748.971 51.50814 -1002.99 0.004293 0.83791 0.030879 0.544917
88.41853 1750.784 51.55995 -1003.788 0.00367 0.838093 0.030763 0.544646
88.52233 1752.592 51.60635 -1004.589 0.003223 0.838284 0.031308 0.544325
88.62598 1754.388 51.65386 -1005.375 0.002572 0.838497 0.031391 0.543996
88.72978 1756.187 51.70578 -1006.165 0.001532 0.838789 0.031508 0.543542
88.83347 1757.974 51.76265 -1006.957 0.000586 0.839207 0.032049 0.542866
88.93726 1759.751 51.82311 -1007.751 0.000293 0.839599 0.032419 0.542238
89.04097 1761.513 51.88342 -1008.544 0.000962 0.839921 0.033049 0.541701
89.14456 1763.261 51.95285 -1009.335 0.001745 0.840189 0.034472 0.541195
89.24817 1764.998 52.01045 -1010.123 0.002828 0.840431 0.035959 0.540717
89.35191 1766.72 52.07058 -1010.909 0.004395 0.8407 0.036796 0.540232
89.45553 1768.424 52.12901 -1011.69 0.006205 0.841034 0.037204 0.539665
89.55915 1770.113 52.18615 -1012.467 0.007372 0.84132 0.038081 0.539143
89.66276 1771.786 52.24293 -1013.242 0.008744 0.841633 0.039044 0.538566
89.76651 1773.447 52.30027 -1014.014 0.010278 0.84204 0.039615 0.53786
89.87026 1775.097 52.35761 -1014.785 0.011621 0.842425 0.040181 0.537188
89.97398 1776.731 52.4143 -1015.552 0.012626 0.842968 0.040738 0.536271
90.0776 1778.35 52.47129 -1016.316 0.01354 0.843574 0.041498 0.535237
90.18134 1779.954 52.52858 -1017.08 0.014695 0.844185 0.042621 0.534152
90.28508 1781.539 52.58609 -1017.84 0.016063 0.844793 0.043482 0.533081
90.38882 1783.104 52.64253 -1018.596 0.017295 0.845434 0.044366 0.531953
90.49243 1784.649 52.69797 -1019.347 0.018134 0.846407 0.044621 0.530355
90.59617 1786.178 52.75441 -1020.097 0.018187 0.847729 0.045051 0.5282
90.69991 1787.688 52.81142 -1020.85 0.018202 0.849345 0.045794 0.525532
90.80353 1789.178 52.87006 -1021.604 0.018513 0.851172 0.046442 0.5225
90.90727 1790.644 52.92871 -1022.359 0.018757 0.853216 0.046525 0.51914
91.01101 1792.093 52.98756 -1023.119 0.018282 0.855659 0.046172 0.515152
91.11465 1793.508 53.04491 -1023.881 0.017888 0.858663 0.045453 0.510208
91.21837 1794.918 53.10413 -1024.665 0.017678 0.862176 0.045015 0.504294
91.32213 1796.305 53.16251 -1025.467 0.018058 0.865949 0.045176 0.49776
91.42585 1797.645 53.22561 -1026.269 0.018691 0.869849 0.045944 0.490818
91.52959 1798.986 53.2864 -1027.105 0.019946 0.873818 0.046818 0.483583
91.63323 1800.303 53.34948 -1027.957 0.020593 0.877811 0.047716 0.476179
91.73695 1801.573 53.4186 -1028.814 0.021591 0.881991 0.048553 0.468262
91.84069 1802.849 53.48746 -1029.705 0.02168 0.886272 0.049004 0.460054
91.94442 1804.07 53.55687 -1030.593 0.022342 0.890669 0.048732 0.45148
92.04816 1805.302 53.62778 -1031.525 0.023089 0.895189 0.048579 0.442429
92.1519 1806.512 53.70201 -1032.479 0.022776 0.899748 0.050223 0.432912
92.25565 1807.659 53.78134 -1033.436 0.023158 0.904434 0.051123 0.422905
92.35939 1808.823 53.86369 -1034.439 0.023067 0.909156 0.051725 0.412587
92.46312 1809.965 53.94892 -1035.467 0.02245 0.913851 0.051961 0.402085
92.56689 1811.032 54.03157 -1036.486 0.022464 0.918605 0.051498 0.391162
92.67048 1812.12 54.11921 -1037.563 0.022261 0.92339 0.050975 0.379811
92.77425 1813.127 54.2074 -1038.631 0.021945 0.92814 0.051382 0.368015
92.87797 1814.163 54.29748 -1039.764 0.021843 0.93283 0.052547 0.355795
92.9817 1815.169 54.39358 -1040.921 0.021289 0.93732 0.054316 0.343551
93.08545 1816.083 54.49432 -1042.062 0.02024 0.941721 0.055783 0.331121
93.18921 1817.025 54.5985 -1043.266 0.021176 0.946055 0.055863 0.31845
93.29293 1817.931 54.70465 -1044.484 0.021434 0.950277 0.054547 0.30584
93.39654 1818.744 54.81008 -1045.693 0.022045 0.954259 0.05401 0.293234
93.50028 1819.586 54.91601 -1046.959 0.022129 0.958136 0.053745 0.280351
93.60402 1820.326 55.02254 -1048.207 0.022286 0.961886 0.053914 0.267154
93.70767 1821.1 55.13095 -1049.517 0.021978 0.965467 0.05489 0.253727
93.81138 1821.838 55.24358 -1050.848 0.021671 0.968976 0.05524 0.239927
93.91512 1822.465 55.35588 -1052.152 0.021816 0.972374 0.054797 0.225855
94.0189 1823.124 55.47132 -1053.518 0.022362 0.975561 0.054257 0.211745
94.12248 1823.739 55.58596 -1054.897 0.02268 0.978478 0.054235 0.197798
94.22629 1824.255 55.70364 -1056.26 0.022446 0.981163 0.055171 0.183768
94.32983 1824.795 55.82355 -1057.672 0.02168 0.983678 0.05592 0.169646
94.43357 1825.228 55.9407 -1059.056 0.020906 0.986041 0.055858 0.155454
94.5372 1825.688 56.06658 -1060.491 0.020449 0.98819 0.055147 0.141497
94.6408 1826.105 56.19032 -1061.934 0.020249 0.990061 0.055016 0.127836
94.74454 1826.418 56.31631 -1063.357 0.020636 0.991668 0.055785 0.114262
94.84829 1826.758 56.44401 -1064.825 0.020393 0.993145 0.055816 0.100657
94.95189 1827.054 56.57325 -1066.3 0.020862 0.994413 0.055885 0.087092
95.05566 1827.248 56.70276 -1067.744 0.020631 0.995493 0.056207 0.073551
95.15937 1827.464 56.83518 -1069.23 0.020232 0.996435 0.055858 0.059898
95.26312 1827.64 56.9688 -1070.726 0.020584 0.997188 0.055276 0.046225
95.36673 1827.717 57.09951 -1072.185 0.020344 0.997728 0.055067 0.033049
95.47047 1827.812 57.23215 -1073.687 0.020668 0.998085 0.054707 0.020144
95.57409 1827.812 57.3658 -1075.152 0.020923 0.99825 0.054813 0.007398
95.67783 1827.83 57.49929 -1076.658 0.020875 0.99824 0.055246 -0.00536
95.78157 1827.812 57.63595 -1078.165 0.020764 0.998098 0.055146 -0.018139
95.8852 1827.696 57.76981 -1079.636 0.02068 0.99781 0.054638 -0.031028
95.9888 1827.601 57.90771 -1081.139 0.020179 0.997384 0.053643 -0.044046
96.09254 1827.468 58.04396 -1082.643 0.020019 0.996799 0.051978 -0.057357
96.19616 1827.234 58.17193 -1084.111 0.019502 0.996 0.050984 -0.070747
96.29977 1827.023 58.3023 -1085.615 0.018461 0.99496 0.051018 -0.084328
96.40341 1826.704 58.43592 -1087.072 0.018303 0.993684 0.051385 -0.098065
96.50713 1826.41 58.56608 -1088.569 0.017886 0.992176 0.052629 -0.11179
96.61091 1826.076 58.70315 -1090.056 0.017631 0.990504 0.052833 -0.125695
96.7145 1825.633 58.83384 -1091.489 0.017344 0.988695 0.051446 -0.139766
96.81822 1825.214 58.96963 -1092.954 0.017156 0.986667 0.050713 -0.153694
96.92184 1824.755 59.10201 -1094.41 0.01692 0.984421 0.050865 -0.167458
97.02558 1824.183 59.2354 -1095.811 0.016955 0.981929 0.051071 -0.181435
97.12932 1823.643 59.3685 -1097.24 0.016585 0.979222 0.051119 -0.195538
97.23306 1823.06 59.49507 -1098.648 0.016093 0.976262 0.050828 -0.209928
97.33681 1822.357 59.60684 -1099.995 0.015735 0.97308 0.050009 -0.224427
97.44042 1821.684 59.72051 -1101.364 0.015121 0.969621 0.049839 -0.239002
97.54416 1820.889 59.84234 -1102.66 0.014768 0.965916 0.049509 -0.253648
97.6479 1820.139 59.94356 -1103.994 0.013994 0.962014 0.049423 -0.268123
97.75164 1819.352 60.05208 -1105.305 0.013985 0.95791 0.049323 -0.282454
97.85525 1818.45 60.15961 -1106.542 0.013859 0.953598 0.049459 -0.29667
97.95899 1817.589 60.27091 -1107.799 0.013494 0.949077 0.049411 -0.310852
98.06274 1816.694 60.38345 -1109.029 0.013439 0.944337 0.048754 -0.325071
98.16652 1815.685 60.49128 -1110.182 0.012933 0.939394 0.048441 -0.339154
98.27011 1814.723 60.60227 -1111.351 0.012404 0.934245 0.047524 -0.353232
98.37383 1813.646 60.71216 -1112.443 0.012417 0.928844 0.047257 -0.367236
98.47745 1812.614 60.82078 -1113.551 0.012298 0.923239 0.047693 -0.381056
98.58106 1811.551 60.93013 -1114.626 0.011948 0.917371 0.047109 -0.395056
98.6848 1810.378 61.03586 -1115.622 0.01137 0.911298 0.046402 -0.408966
98.78842 1809.249 61.14424 -1116.631 0.010947 0.90513 0.045087 -0.422596
98.89215 1808.088 61.24884 -1117.606 0.010365 0.89885 0.043953 -0.435923
98.99577 1806.825 61.34899 -1118.505 0.010086 0.892443 0.043464 -0.448949
99.09951 1805.603 61.44839 -1119.412 0.009934 0.885915 0.043446 -0.461702
99.20313 1804.284 61.54684 -1120.246 0.009775 0.879228 0.043911 -0.474273
99.30675 1803.008 61.64582 -1121.087 0.009396 0.872486 0.043319 -0.486624
99.41036 1801.706 61.74346 -1121.892 0.008503 0.865706 0.042631 -0.498662
99.51397 1800.315 61.83906 -1122.623 0.008656 0.858927 0.042316 -0.510274
99.61773 1798.96 61.93421 -1123.358 0.008692 0.852232 0.041879 -0.521412
99.72133 1797.579 62.0292 -1124.058 0.008941 0.845591 0.041088 -0.532172
99.82507 1796.124 62.11734 -1124.692 0.008907 0.838948 0.039807 -0.54268
99.92869 1794.701 62.20732 -1125.325 0.008371 0.832315 0.039501 -0.55283
100.0324 1793.253 62.29534 -1125.928 0.008706 0.825583 0.039974 -0.562796
100.1362 1791.742 62.38523 -1126.471 0.007851 0.818869 0.04071 -0.572481
100.2398 1790.258 62.47435 -1127.004 0.007557 0.812347 0.039131 -0.581812
100.3435 1788.716 62.5609 -1127.485 0.007222 0.806072 0.038829 -0.590499
100.4471 1787.194 62.64482 -1127.955 0.007379 0.800079 0.038599 -0.598607
100.5508 1785.654 62.72812 -1128.395 0.007852 0.794374 0.037891 -0.606196
100.6544 1784.075 62.80871 -1128.793 0.008187 0.789104 0.037497 -0.613059
100.758 1782.506 62.89076 -1129.18 0.008318 0.784238 0.036245 -0.619345
100.8616 1780.922 62.97071 -1129.541 0.008408 0.779652 0.034832 -0.625186
100.9652 1779.311 63.04728 -1129.873 0.008469 0.775301 0.033846 -0.630627
101.0688 1777.702 63.12234 -1130.193 0.008919 0.771141 0.033325 -0.635729
101.1724 1776.082 63.19501 -1130.494 0.008769 0.767206 0.032811 -0.6405
101.2762 1774.439 63.26738 -1130.771 0.008797 0.763394 0.032553 -0.645052
101.3798 1772.797 63.33921 -1131.038 0.008008 0.759815 0.032647 -0.64927
101.4834 1771.135 63.41172 -1131.284 0.007977 0.756466 0.032709 -0.653166
101.587 1769.479 63.48361 -1131.517 0.008549 0.753692 0.033083 -0.656339
101.6906 1767.796 63.55799 -1131.74 0.009312 0.751499 0.033233 -0.65883
101.7943 1766.113 63.63222 -1131.949 0.009593 0.749724 0.03264 -0.660875
101.8979 1764.428 63.70596 -1132.152 0.009726 0.74793 0.032755 -0.662898
102.0016 1762.736 63.77872 -1132.348 0.009688 0.746087 0.033053 -0.664957
102.1052 1761.046 63.85109 -1132.534 0.009368 0.744403 0.033383 -0.66683
102.2089 1759.353 63.9228 -1132.713 0.00922 0.742988 0.033597 -0.668398
102.3126 1757.655 63.99476 -1132.885 0.009291 0.741782 0.034019 -0.669714
102.4162 1755.959 64.06682 -1133.051 0.009251 0.740764 0.03403 -0.670839
102.52 1754.261 64.13795 -1133.21 0.009227 0.739901 0.033698 -0.671807
102.6236 1752.565 64.20815 -1133.366 0.008828 0.73919 0.033363 -0.672612
102.7273 1750.863 64.27888 -1133.519 0.009116 0.738607 0.033245 -0.673255
102.8309 1749.163 64.34811 -1133.669 0.009045 0.738099 0.033214 -0.673813
102.9347 1747.458 64.41721 -1133.818 0.00884 0.737654 0.033169 -0.674306
103.0383 1745.755 64.48641 -1133.964 0.008927 0.737247 0.033079 -0.674754
103.142 1744.051 64.55659 -1134.108 0.009477 0.736825 0.033519 -0.675185
103.2457 1742.342 64.62863 -1134.251 0.009607 0.736491 0.033697 -0.675539
103.3494 1740.635 64.70178 -1134.391 0.009881 0.736045 0.034076 -0.676003
103.453 1738.929 64.77564 -1134.53 0.009855 0.735606 0.034295 -0.676469
103.5567 1737.22 64.8495 -1134.667 0.009423 0.73518 0.034147 -0.676946
103.6603 1735.516 64.92197 -1134.802 0.009073 0.734803 0.033917 -0.677371
103.7641 1733.81 64.9947 -1134.934 0.009624 0.734383 0.034338 -0.677798
103.8677 1732.115 65.06585 -1135.064 0.00966 0.733918 0.034921 -0.678271
103.9713 1730.426 65.13665 -1135.192 0.009577 0.733432 0.034853 -0.678802
104.0751 1728.748 65.20511 -1135.319 0.008344 0.733068 0.03449 -0.679229
104.1787 1727.075 65.27167 -1135.441 0.007555 0.732557 0.033867 -0.679821
104.2823 1725.404 65.33481 -1135.561 0.007052 0.732051 0.033381 -0.680395
104.386 1723.74 65.39481 -1135.676 0.006624 0.731494 0.03283 -0.681025
104.4898 1722.082 65.45266 -1135.788 0.006584 0.730711 0.032584 -0.681877
104.5934 1720.432 65.5124 -1135.894 0.007106 0.72944 0.032858 -0.683218
104.6973 1718.787 65.5695 -1135.995 0.006934 0.727713 0.033571 -0.685025
104.8009 1717.161 65.62471 -1136.086 0.006298 0.725485 0.03358 -0.68739
104.9046 1715.535 65.67949 -1136.161 0.005842 0.722708 0.033997 -0.690292
105.0084 1713.931 65.73199 -1136.225 0.005203 0.71952 0.033922 -0.693623
105.1121 1712.341 65.78231 -1136.271 0.005165 0.715902 0.033628 -0.697372
105.2159 1710.746 65.8327 -1136.295 0.005043 0.711808 0.034235 -0.701521
105.3194 1709.184 65.88013 -1136.308 0.004599 0.706984 0.034763 -0.70636
105.4232 1707.613 65.92724 -1136.285 -0.004183 -0.701532 -0.034936 0.711769
105.5269 1706.078 65.97128 -1136.253 -0.003511 -0.695542 -0.034822 0.717632
105.6307 1704.565 66.0123 -1136.194 -0.002426 -0.689056 -0.034004 0.723906
105.7344 1703.031 66.04779 -1136.085 -0.001697 -0.681951 -0.03318 0.730643
105.8381 1701.548 66.08116 -1135.967 -0.001002 -0.67439 -0.032334 0.737666
105.9419 1700.082 66.11041 -1135.821 -0.000717 -0.666341 -0.031555 0.744979
106.0456 1698.586 66.13649 -1135.613 -0.0009 -0.657755 -0.031403 0.752576
106.1494 1697.155 66.16215 -1135.401 -0.000803 -0.64836 -0.030698 0.760714
106.2531 1695.669 66.18653 -1135.102 0.000209 -0.638147 -0.029934 0.769332
106.357 1694.241 66.21043 -1134.791 0.000666 -0.627357 -0.029142 0.778186
106.4608 1692.835 66.21801 -1134.472 0.001091 -0.616155 -0.027591 0.787141
106.5645 1691.371 66.2073 -1134.067 0.001121 -0.604716 -0.025138 0.796044
106.6682 1689.991 66.19591 -1133.671 0.001421 -0.592999 -0.02386 0.804848
106.7719 1688.621 66.17116 -1133.232 0.000998 -0.580781 -0.022247 0.813755
106.8757 1687.197 66.14385 -1132.693 0.000639 -0.567977 -0.021489 0.822764
106.9793 1685.87 66.09641 -1132.171 0.000232 -0.554488 -0.021026 0.831926
107.0832 1684.476 66.06232 -1131.541 0.000177 -0.54019 -0.020549 0.841292
107.1869 1683.2 66.01776 -1130.935 0.001043 -0.525323 -0.020161 0.850663
107.2905 1681.961 65.98452 -1130.284 0.00236 -0.5101 -0.018825 0.859906
107.3943 1680.643 65.94241 -1129.52 0.003638 -0.494744 -0.017342 0.868858
107.498 1679.457 65.90758 -1128.777 0.003517 -0.47951 -0.016586 0.877373
107.6016 1678.306 65.87101 -1127.996 0.003736 -0.46397 -0.015329 0.885711
107.7054 1677.079 65.82757 -1127.102 0.004355 -0.447982 -0.014387 0.893916
107.8091 1675.989 65.78896 -1126.24 0.004227 -0.43189 -0.014113 0.901806
107.9128 1674.826 65.74585 -1125.267 0.004434 -0.415549 -0.014129 0.90945
108.0164 1673.811 65.70668 -1124.329 0.005327 -0.398946 -0.013007 0.916867
108.1202 1672.831 65.6632 -1123.355 0.00695 -0.382361 -0.011942 0.92391
108.2239 1671.787 65.61313 -1122.274 0.007953 -0.365852 -0.010097 0.930584
108.3276 1670.884 65.56276 -1121.227 0.008632 -0.349314 -0.008572 0.936927
108.4312 1670.025 65.50954 -1120.149 0.009476 -0.332469 -0.006956 0.943041
108.5349 1669.099 65.44746 -1118.972 0.010129 -0.315653 -0.00573 0.948803
108.6388 1668.319 65.38886 -1117.831 0.010837 -0.298928 -0.00392 0.954206
108.7426 1667.481 65.32217 -1116.599 0.012328 -0.28238 -0.002494 0.95922
108.8459 1666.783 65.25392 -1115.408 0.01429 -0.266289 -0.000457 0.963787
108.9497 1666.116 65.18499 -1114.183 0.01504 -0.250791 0.001066 0.967924
109.0532 1665.409 65.10462 -1112.881 0.013919 -0.235961 0.002129 0.971661
109.1569 1664.817 65.03254 -1111.609 0.013942 -0.221244 0.003717 0.975112
109.2605 1664.267 64.95835 -1110.32 0.0146 -0.206473 0.005227 0.978329
109.3644 1663.679 64.87654 -1108.96 0.015936 -0.191676 0.006988 0.981304
109.4679 1663.209 64.79507 -1107.637 0.018037 -0.176776 0.00925 0.984042
109.5716 1662.781 64.71287 -1106.297 0.018298 -0.161437 0.009241 0.98667
109.6753 1662.301 64.62431 -1104.878 0.016594 -0.145328 0.008707 0.989206
109.7791 1661.958 64.538 -1103.507 0.015416 -0.12842 0.007051 0.991575
109.8827 1661.562 64.46915 -1102.062 0.019186 -0.11115 0.007517 0.99359
109.9864 1661.319 64.3632 -1100.685 0.025881 -0.093925 0.007806 0.995212
110.0901 1661.115 64.26554 -1099.284 0.028001 -0.077235 0.007575 0.996591
110.1939 1660.875 64.14444 -1097.802 0.02563 -0.060933 0.008678 0.997775
110.2976 1660.772 64.05174 -1096.37 0.022355 -0.044434 0.010487 0.998707
110.4014 1660.724 63.95351 -1094.939 0.021582 -0.027603 0.012558 0.999307
110.5051 1660.624 63.86049 -1093.444 0.023111 -0.010629 0.013574 0.999584
110.6089 1660.666 63.75655 -1092.014 0.025838 0.006247 0.014101 0.999547
110.7125 1660.665 63.65347 -1090.516 0.028193 0.022974 0.014343 0.999236
110.8162 1660.808 63.53899 -1089.081 0.029868 0.039766 0.01471 0.998654
110.92 1660.998 63.42386 -1087.649 0.030447 0.056672 0.013919 0.997831
111.0236 1661.14 63.30548 -1086.159 0.030177 0.073584 0.013653 0.996739
111.1273 1661.423 63.18844 -1084.736 0.029785 0.09039 0.012205 0.995386
111.231 1661.752 63.07257 -1083.312 0.030715 0.10682 0.011953 0.993732
111.3347 1662.049 62.95694 -1081.841 0.031099 0.1225 0.011641 0.991913
111.4384 1662.469 62.84239 -1080.424 0.031116 0.137464 0.011615 0.98995
111.542 1662.869 62.72406 -1078.968 0.030845 0.151703 0.012325 0.987868
111.6458 1663.374 62.61487 -1077.556 0.029966 0.165052 0.012956 0.985744
111.7494 1663.914 62.50419 -1076.148 0.029448 0.177559 0.013258 0.98358
111.853 1664.445 62.39675 -1074.719 0.029806 0.189384 0.01408 0.98135
111.9566 1665.055 62.28661 -1073.325 0.030776 0.200098 0.014331 0.979188
112.0602 1665.691 62.17659 -1071.933 0.031898 0.209507 0.016028 0.977155
112.1638 1666.334 62.06217 -1070.534 0.032577 0.218032 0.017142 0.975247
112.2684 1667.04 61.9526 -1069.131 0.031531 0.22593 0.01859 0.973456
112.3709 1667.748 61.84362 -1067.757 0.030148 0.233511 0.018775 0.971705
112.4746 1668.471 61.73872 -1066.365 0.030381 0.241125 0.019388 0.969825
112.5782 1669.233 61.6328 -1064.989 0.03114 0.247937 0.01918 0.968086
112.6817 1670.011 61.52604 -1063.611 0.032301 0.253538 0.02051 0.966569
112.7856 1670.82 61.41849 -1062.227 0.03165 0.257606 0.021503 0.965492
112.8898 1671.64 61.31031 -1060.84 0.030991 0.260484 0.021515 0.964741
112.9924 1672.455 61.20477 -1059.464 0.030794 0.262694 0.020986 0.964159
113.096 1673.289 61.0989 -1058.082 0.03064 0.264412 0.020429 0.963706
113.1996 1674.135 60.99427 -1056.683 0.029845 0.265606 0.020448 0.963403
113.3032 1674.989 60.89092 -1055.278 0.028365 0.266536 0.020934 0.96318
113.4073 1675.853 60.79 -1053.86 0.027855 0.267463 0.020986 0.962937
113.5105 1676.716 60.69111 -1052.451 0.027952 0.26839 0.02099 0.962676
113.6142 1677.591 60.59208 -1051.033 0.02824 0.269372 0.021024 0.962393
113.7179 1678.473 60.49193 -1049.604 0.028707 0.270244 0.021003 0.962135
113.8238 1679.381 60.38454 -1048.145 0.029434 0.271157 0.019689 0.961884
113.9252 1680.259 60.28089 -1046.739 0.029377 0.272165 0.019847 0.961597
114.0288 1681.167 60.17613 -1045.291 0.028018 0.273111 0.020939 0.961346
