0.0 5.551115e-17 0.0 2.220446e-16 0.0 0.0 0.0 1.0
0.1038752 -0.004596714 -0.002001524 0.09154274 -0.000156 -0.00319 -0.000251 0.999995
0.2078941 -0.01001116 -0.004359704 0.1857373 -0.000103 -0.006703 -0.00053 0.999977
0.3117497 -0.01753371 -0.006859665 0.2834672 0.000209 -0.010465 -0.000696 0.999945
0.415622 -0.02863192 -0.00672666 0.38731 0.00091 -0.015042 -0.001026 0.999886
0.5194988 -0.04273697 -0.007303015 0.5011396 0.001792 -0.020701 -0.001153 0.999783
0.6233766 -0.06000009 -0.008065471 0.6279359 0.002265 -0.027461 -0.001135 0.99962
0.7271218 -0.08275693 -0.008995 0.7669396 0.002267 -0.035509 -0.001193 0.999366
0.830874 -0.1090497 -0.01033982 0.9191805 0.002266 -0.04483 -0.000598 0.998992
0.9346218 -0.1415335 -0.01195088 1.081913 0.002266 -0.054847 5.4e-05 0.998492
1.038404 -0.1816057 -0.01604515 1.251378 0.002372 -0.065962 6.9e-05 0.997819
1.142127 -0.2325643 -0.02265364 1.425643 0.003114 -0.078116 -0.001712 0.996938
1.245873 -0.293459 -0.03116429 1.60414 0.0042 -0.090942 -0.00404 0.995839
1.349627 -0.3616512 -0.03933357 1.78864 0.004763 -0.104529 -0.005932 0.994493
1.453253 -0.4366243 -0.04313507 1.979231 0.005063 -0.119517 -0.006443 0.992798
1.556997 -0.5224919 -0.04573638 2.17302 0.004972 -0.135286 -0.007464 0.990766
1.660772 -0.620094 -0.04902232 2.368741 0.004682 -0.151723 -0.008698 0.988374
1.764374 -0.7248452 -0.05140743 2.565689 0.004427 -0.169251 -0.009761 0.985515
1.868002 -0.8394934 -0.05397789 2.758285 0.004667 -0.186783 -0.011254 0.982326
1.97175 -0.9687591 -0.05101001 2.950416 0.004855 -0.20448 -0.013018 0.978772
2.075498 -1.103633 -0.04676236 3.142085 0.004851 -0.223232 -0.013591 0.974658
2.179126 -1.242764 -0.04292676 3.333105 0.005072 -0.243045 -0.011842 0.96993
2.282875 -1.392475 -0.04238966 3.523028 0.004857 -0.263988 -0.00937 0.964468
2.386504 -1.564446 -0.04491985 3.706267 0.003711 -0.286408 -0.009902 0.95805
2.490144 -1.761568 -0.04899414 3.880703 0.002627 -0.310397 -0.013325 0.95051
2.59362 -1.969361 -0.05141144 4.049498 0.002517 -0.335236 -0.015149 0.942009
2.697329 -2.187835 -0.05358748 4.215884 0.002595 -0.360859 -0.015501 0.932488
2.80089 -2.415527 -0.05318918 4.382391 0.001327 -0.387166 -0.013035 0.921917
2.904641 -2.663146 -0.05287039 4.540774 0.000303 -0.413696 -0.010896 0.91035
3.008248 -2.929115 -0.05283789 4.68768 -0.001024 -0.439674 -0.010249 0.898098
3.112001 -3.215512 -0.0513893 4.824434 -0.002568 -0.466003 -0.010115 0.884721
3.215751 -3.517839 -0.04877551 4.948178 -0.003593 -0.492487 -0.009975 0.870255
3.319374 -3.836955 -0.04505658 5.057271 -0.004608 -0.518435 -0.010464 0.855041
3.423126 -4.17713 -0.03878842 5.153468 -0.005883 -0.543894 -0.010982 0.839061
3.526893 -4.534335 -0.03325067 5.233794 -0.006639 -0.568728 -0.011734 0.822415
3.630648 -4.911075 -0.02945435 5.302451 -0.008721 -0.592432 -0.012202 0.805481
3.734395 -5.299329 -0.02697748 5.360943 -0.010991 -0.614726 -0.01189 0.788575
3.838251 -5.701357 -0.02303083 5.401694 -0.011966 -0.635191 -0.011271 0.772181
3.942122 -6.122091 -0.01604266 5.42129 -0.011333 -0.653678 -0.01243 0.756586
4.046284 -6.558994 -0.005757046 5.427674 -0.010367 -0.669916 -0.013496 0.742242
4.150266 -7.009091 0.006191584 5.424017 -0.009185 -0.684048 -0.013679 0.729251
4.25438 -7.473426 0.01625113 5.410697 -0.008394 -0.696646 -0.012699 0.717254
4.358512 -7.950411 0.02306424 5.389282 0.007607 0.707972 0.011676 -0.706103
4.462646 -8.444612 0.03066422 5.353644 0.006684 0.717422 0.011426 -0.696513
4.566885 -8.953007 0.04057477 5.310729 0.005626 0.724804 0.01087 -0.688847
4.67125 -9.480377 0.05248992 5.263869 0.005224 0.730452 0.010329 -0.682866
4.7755 -10.02302 0.06141731 5.211227 0.005725 0.734984 0.010147 -0.677985
4.879959 -10.57921 0.06596199 5.153075 0.005908 0.738309 0.011205 -0.674343
4.98425 -11.15274 0.06936405 5.08836 0.005686 0.740587 0.012638 -0.671817
5.088502 -11.73941 0.07855473 5.02588 0.005953 0.742116 0.013001 -0.670119
5.192878 -12.34412 0.09123047 4.964841 0.006856 0.742699 0.012175 -0.669479
5.297154 -12.96427 0.1026715 4.901812 0.008267 0.742474 0.012091 -0.669715
5.401501 -13.60015 0.1095163 4.835681 0.008988 0.741957 0.013378 -0.670254
5.505749 -14.25164 0.1178242 4.767225 0.0083 0.741313 0.014418 -0.670954
5.610008 -14.91341 0.1296149 4.697363 0.00676 0.740767 0.013992 -0.671582
5.714253 -15.59372 0.1450798 4.629999 0.006556 0.740351 0.014044 -0.672042
5.818377 -16.29098 0.1622254 4.563302 0.0075 0.739815 0.01471 -0.672608
5.922523 -17.00478 0.1770188 4.49463 0.00836 0.73916 0.016313 -0.673281
6.026772 -17.73322 0.1905594 4.426532 0.009064 0.73851 0.017887 -0.673944
6.130876 -18.47183 0.2092753 4.359249 0.008273 0.737899 0.017883 -0.674623
6.235023 -19.22427 0.2305555 4.290984 0.006529 0.737274 0.017627 -0.675332
6.339025 -19.98833 0.2503189 4.223122 0.005765 0.736739 0.017777 -0.675919
6.443143 -20.7731 0.2703516 4.161929 0.007462 0.736169 0.017654 -0.676526
6.547271 -21.56448 0.2880249 4.100217 0.009017 0.735764 0.017571 -0.676949
6.65128 -22.36419 0.3062236 4.035961 0.010076 0.735289 0.018136 -0.677436
6.75538 -23.16415 0.3216152 3.971019 0.008651 0.735084 0.016634 -0.677717
6.859377 -23.9695 0.3342058 3.90897 0.006576 0.734978 0.013405 -0.677926
6.963378 -24.78947 0.3492536 3.849052 0.00617 0.735006 0.010401 -0.677953
7.067377 -25.61886 0.3615096 3.786079 0.006529 0.735183 0.009653 -0.677768
7.171256 -26.46136 0.3717697 3.716343 0.009097 0.735064 0.013178 -0.677808
7.275272 -27.30755 0.3854991 3.644752 0.011025 0.735121 0.016123 -0.677654
7.379272 -28.15287 0.4028815 3.569541 0.01234 0.735166 0.018995 -0.677509
7.483251 -28.99762 0.4194172 3.492898 0.011993 0.735273 0.019947 -0.677371
7.587271 -29.83721 0.4370064 3.41846 0.010757 0.73544 0.018836 -0.677243
7.691129 -30.67424 0.4566603 3.346046 0.009702 0.735624 0.017562 -0.677093
7.795131 -31.51586 0.4763855 3.27199 0.009573 0.735595 0.018562 -0.677099
7.899003 -32.35442 0.4917256 3.198821 0.01013 0.735493 0.019969 -0.677162
8.003004 -33.19517 0.5076454 3.123626 0.009447 0.735502 0.019881 -0.677165
8.107005 -34.02626 0.5241899 3.051261 0.007444 0.735407 0.018244 -0.677339
8.211004 -34.86004 0.5386702 2.980358 0.005462 0.735314 0.016991 -0.677491
8.315006 -35.69639 0.550032 2.910621 0.005631 0.735161 0.01719 -0.677651
8.41888 -36.53345 0.5579548 2.843137 0.00692 0.734883 0.017884 -0.677922
8.522877 -37.37375 0.5707777 2.77507 0.008635 0.734688 0.019353 -0.678074
8.626899 -38.21476 0.5878615 2.706985 0.010782 0.734425 0.021078 -0.678276
8.730751 -39.04918 0.6055646 2.638855 0.012083 0.734435 0.022565 -0.678197
8.834756 -39.88167 0.6246496 2.572257 0.011992 0.73435 0.022227 -0.678301
8.938756 -40.71171 0.6464858 2.504806 0.010837 0.734329 0.020888 -0.678385
9.042758 -41.5384 0.6640169 2.436154 0.009002 0.73424 0.019433 -0.678552
9.146631 -42.3652 0.6807227 2.363072 0.006716 0.73411 0.019872 -0.678707
9.250652 -43.19143 0.6977483 2.290205 0.004853 0.734269 0.020285 -0.678538
9.354505 -44.01519 0.7092788 2.223683 0.004772 0.734515 0.019252 -0.678303
9.458529 -44.83883 0.7206987 2.160908 0.004899 0.734997 0.016641 -0.677848
9.562503 -45.66121 0.7331961 2.096619 0.005602 0.73528 0.014308 -0.67759
9.666385 -46.48335 0.7434451 2.028253 0.00701 0.735816 0.015188 -0.676975
9.77038 -47.30744 0.7534145 1.959122 0.009916 0.736372 0.017003 -0.67629
9.874249 -48.12333 0.7646921 1.890493 0.011988 0.736953 0.017737 -0.675605
9.978133 -48.93314 0.7767209 1.820295 0.011921 0.737555 0.016967 -0.674968
10.08213 -49.73553 0.7874193 1.740695 0.009494 0.737901 0.017203 -0.674623
10.18601 -50.53252 0.7989932 1.659366 0.006679 0.738339 0.017211 -0.674177
10.29001 -51.32871 0.8126433 1.575304 0.004633 0.738703 0.018203 -0.673769
10.39388 -52.12276 0.8219496 1.493752 0.004311 0.739003 0.019536 -0.673405
10.49776 -52.9159 0.8317695 1.416807 0.005012 0.739312 0.019973 -0.673048
10.60175 -53.70196 0.8419538 1.337479 0.004247 0.739612 0.020477 -0.672708
10.70563 -54.484 0.8494927 1.258994 0.003824 0.7398 0.020818 -0.672493
10.80965 -55.26303 0.8601357 1.184702 0.004857 0.739978 0.020882 -0.672289
10.91351 -56.03808 0.8696735 1.110756 0.006147 0.740068 0.021398 -0.672164
11.01751 -56.81074 0.8820234 1.032637 0.007451 0.740013 0.023257 -0.67215
11.12138 -57.5746 0.8957003 0.956539 0.008307 0.740143 0.024163 -0.671963
11.22538 -58.33039 0.9106542 0.883063 0.008401 0.740393 0.023952 -0.671694
11.32928 -59.07759 0.9234551 0.8100074 0.008025 0.740571 0.023046 -0.671534
11.43326 -59.8104 0.9337799 0.7359683 0.006915 0.740641 0.021643 -0.671516
11.53715 -60.53658 0.9432177 0.6623665 0.005947 0.740655 0.020739 -0.671539
11.64113 -61.24548 0.9508013 0.5919478 0.004925 0.740256 0.019992 -0.67201
11.74513 -61.94033 0.9565112 0.5237598 0.003955 0.73947 0.020444 -0.672867
11.84914 -62.62022 0.960729 0.4617179 0.004 0.738159 0.021184 -0.674282
11.95326 -63.28551 0.9654748 0.4088407 0.004697 0.736168 0.021223 -0.676449
12.05726 -63.93546 0.9696725 0.3622951 0.005583 0.733746 0.021488 -0.679061
12.16138 -64.57047 0.974213 0.3201877 0.005737 0.730784 0.02228 -0.682221
12.26551 -65.18991 0.9801827 0.2859581 0.005579 0.726649 0.023591 -0.686581
12.36963 -65.79136 0.9882448 0.2627668 0.00511 0.721613 0.025109 -0.691823
12.47391 -66.37563 0.9966522 0.2555668 0.00503 0.715175 0.025964 -0.698445
12.57813 -66.93703 1.003712 0.2646196 0.004933 0.707505 0.026396 -0.706198
12.68239 -67.47673 1.009213 0.2941699 -0.005329 -0.698475 -0.026265 0.715133
12.78678 -67.99052 1.013813 0.3455598 -0.005766 -0.688142 -0.025139 0.725118
12.89113 -68.48214 1.016477 0.4164808 -0.006282 -0.675813 -0.02443 0.736642
12.99551 -68.95412 1.019824 0.5048813 -0.006696 -0.661856 -0.023842 0.749222
13.09988 -69.40376 1.021543 0.6110892 -0.006788 -0.646504 -0.023273 0.762525
13.20438 -69.84846 1.023928 0.7419667 -0.007711 -0.628951 -0.022832 0.777071
13.30876 -70.27047 1.024337 0.8955753 -0.008588 -0.609732 -0.021276 0.792276
13.41326 -70.68171 1.023888 1.080744 -0.01005 -0.589125 -0.01706 0.8078
13.51763 -71.06861 1.025888 1.285746 -0.010591 -0.567235 -0.013425 0.823379
13.62213 -71.45144 1.032362 1.51356 -0.011215 -0.54398 -0.009951 0.838965
13.72651 -71.81419 1.040291 1.753829 -0.01129 -0.520022 -0.009441 0.854026
13.83076 -72.17075 1.045549 2.013647 -0.011762 -0.496464 -0.008561 0.867936
13.93513 -72.50742 1.049184 2.296944 -0.014066 -0.473253 -0.005286 0.880798
14.03938 -72.81071 1.052187 2.601772 -0.017433 -0.449632 -0.0001 0.893044
14.14365 -73.10855 1.052214 2.908665 -0.016554 -0.425364 0.001964 0.904869
14.24788 -73.38524 1.051991 3.220823 -0.012844 -0.400387 0.002238 0.916254
14.35215 -73.65932 1.056081 3.554385 -0.006808 -0.374231 0.00337 0.927304
14.45638 -73.91333 1.058753 3.91127 -0.001593 -0.346858 0.003202 0.937911
14.56063 -74.16588 1.057855 4.300551 0.000186 -0.318796 0.003126 0.947818
14.66488 -74.40171 1.057076 4.71851 0.001265 -0.290629 0.003827 0.956827
14.76901 -74.61515 1.053457 5.155827 0.003104 -0.262569 0.002977 0.964904
14.87316 -74.8256 1.044844 5.623155 0.002402 -0.235957 0.002212 0.971758
14.97715 -75.01816 1.038119 6.110247 0.002532 -0.211673 -0.000612 0.977337
15.08116 -75.20557 1.035836 6.618096 0.003954 -0.18932 -0.003012 0.981903
15.18501 -75.37989 1.030282 7.151976 0.00384 -0.169896 -0.00514 0.985441
15.28876 -75.5393 1.020134 7.706095 0.002644 -0.153825 -0.005635 0.988079
15.39248 -75.69196 1.010452 8.281091 0.001795 -0.141108 -0.004882 0.98998
15.49619 -75.83698 1.004688 8.874404 0.000701 -0.130031 -0.004611 0.991499
15.59991 -75.98069 0.9966334 9.486418 -0.000655 -0.12055 -0.005787 0.99269
15.70361 -76.12225 0.9889481 10.1122 -0.000897 -0.112593 -0.007731 0.993611
15.80732 -76.25804 0.9812746 10.75522 -0.001756 -0.105585 -0.009938 0.994359
15.91101 -76.37903 0.9768095 11.41499 -0.001722 -0.098835 -0.009087 0.995061
16.01476 -76.49294 0.973449 12.0915 -0.001639 -0.091857 -0.00904 0.99573
16.11855 -76.60203 0.9705966 12.78422 -0.001915 -0.084434 -0.009188 0.996385
16.22236 -76.70271 0.9650851 13.49407 -0.002141 -0.077142 -0.009791 0.99697
16.32614 -76.79658 0.9546485 14.2125 -0.000942 -0.070646 -0.009891 0.997452
16.42989 -76.88462 0.9437305 14.94545 0.001261 -0.064919 -0.010698 0.997832
16.53376 -76.96463 0.9352274 15.68785 0.004674 -0.059996 -0.009525 0.998142
16.63752 -77.04091 0.9267552 16.44684 0.00526 -0.05584 -0.009253 0.998383
16.74126 -77.11873 0.9133109 17.21856 0.002033 -0.052384 -0.009981 0.998575
16.84514 -77.19881 0.8975356 17.99359 -0.002029 -0.049767 -0.012066 0.998686
16.94889 -77.27201 0.885944 18.76754 -0.004657 -0.047598 -0.012529 0.998777
17.05263 -77.33723 0.87656 19.53401 -0.003717 -0.045869 -0.01156 0.998874
17.15642 -77.40244 0.867371 20.30151 -0.003232 -0.044221 -0.011702 0.998948
17.26028 -77.46374 0.8595219 21.07246 -0.004211 -0.042774 -0.010876 0.999017
17.364 -77.52113 0.8514204 21.84296 -0.005713 -0.041542 -0.009875 0.999072
17.46789 -77.5734 0.8408161 22.61434 -0.006819 -0.03998 -0.008649 0.99914
17.57166 -77.6221 0.8279106 23.37766 -0.00542 -0.038583 -0.008333 0.999206
17.67551 -77.67675 0.8191268 24.13827 -0.001527 -0.037569 -0.009728 0.999246
17.77939 -77.7342 0.8046718 24.89811 0.002326 -0.036744 -0.010118 0.999271
17.88314 -77.78961 0.7903154 25.65478 0.00476 -0.036132 -0.010497 0.999281
17.98701 -77.84614 0.7739409 26.42191 0.003818 -0.035158 -0.011385 0.99931
18.09088 -77.90878 0.7508496 27.18067 0.002005 -0.033984 -0.012798 0.999338
18.19476 -77.96897 0.7293732 27.93923 -0.000704 -0.03288 -0.014627 0.999352
18.29851 -78.02007 0.713706 28.692 -0.001612 -0.031749 -0.013587 0.999402
18.40239 -78.06469 0.6969693 29.44067 -0.001502 -0.031195 -0.012032 0.99944
18.50626 -78.1097 0.6798769 30.19277 -0.001809 -0.030776 -0.01107 0.999463
18.61013 -78.15548 0.6647429 30.94569 -0.00101 -0.030156 -0.011108 0.999483
18.71391 -78.1981 0.6476766 31.7013 2.9e-05 -0.029862 -0.010064 0.999503
18.81776 -78.24233 0.6301632 32.46413 -0.000273 -0.029535 -0.009266 0.999521
18.92164 -78.29498 0.6149092 33.23079 -0.000506 -0.029096 -0.010778 0.999518
19.02551 -78.34624 0.5990528 34.00093 -3e-05 -0.029085 -0.010732 0.999519
19.12939 -78.39928 0.5789981 34.77685 -7e-06 -0.029963 -0.010802 0.999493
19.23326 -78.44974 0.5641545 35.56152 -0.000319 -0.03102 -0.009556 0.999473
19.33701 -78.50718 0.5473641 36.34754 -2e-05 -0.032558 -0.010064 0.999419
19.44089 -78.57152 0.5285291 37.14347 -0.000124 -0.034061 -0.012014 0.999348
19.54476 -78.63617 0.5110168 37.93752 0.001979 -0.035352 -0.012846 0.99929
19.64851 -78.7004 0.4940833 38.73523 0.004461 -0.036664 -0.012865 0.999235
19.75239 -78.7627 0.4825696 39.54602 0.004912 -0.037621 -0.012297 0.999204
19.85626 -78.82862 0.4646182 40.36454 0.004327 -0.038708 -0.012778 0.99916
19.96014 -78.89593 0.4461482 41.19468 0.003631 -0.039794 -0.012418 0.999124
20.06401 -78.95989 0.4339025 42.03064 0.003043 -0.040766 -0.011451 0.999098
20.16793 -79.02897 0.420782 42.87429 0.001168 -0.04131 -0.011168 0.999083
20.27189 -79.10034 0.4039919 43.72474 -0.001171 -0.041768 -0.010878 0.999067
20.37576 -79.1713 0.3888969 44.57894 -0.00257 -0.041541 -0.010821 0.999075
20.47975 -79.24668 0.3756583 45.43863 -0.002447 -0.040479 -0.012594 0.999098
20.58364 -79.31863 0.3639286 46.2992 -0.001853 -0.039553 -0.012633 0.999136
20.68751 -79.38492 0.3498958 47.16296 -0.000755 -0.038773 -0.011505 0.999182
20.79153 -79.44527 0.3344377 48.03166 0.000105 -0.037992 -0.009479 0.999233
20.89539 -79.50861 0.3209956 48.90207 0.000118 -0.037037 -0.008758 0.999275
20.99926 -79.57376 0.3027919 49.77895 -0.00108 -0.036493 -0.007874 0.999302
21.10327 -79.63392 0.2867505 50.6563 -0.002508 -0.036177 -0.006266 0.999323
21.20714 -79.69742 0.2720427 51.52945 -0.002702 -0.035744 -0.005739 0.999341
21.31112 -79.76468 0.2574406 52.39664 -0.001428 -0.035218 -0.006634 0.999357
21.41504 -79.83358 0.2408602 53.2548 0.001529 -0.034867 -0.008049 0.999358
21.51901 -79.90039 0.2201002 54.1135 0.004206 -0.034353 -0.008984 0.999361
21.6229 -79.96964 0.1922996 54.96562 0.007545 -0.033986 -0.011372 0.999329
21.72689 -80.03259 0.1649343 55.81906 0.007972 -0.033463 -0.011711 0.99934
21.83076 -80.09273 0.1408072 56.67063 0.005438 -0.033383 -0.009869 0.999379
21.93464 -80.15558 0.1161116 57.52689 1.5e-05 -0.033607 -0.009533 0.99939
22.03866 -80.22244 0.09233457 58.37775 -0.004453 -0.034185 -0.010072 0.999355
22.14262 -80.28086 0.07510008 59.2131 -0.002583 -0.035506 -0.008099 0.999333
22.24654 -80.33871 0.05914325 60.04264 -0.001017 -0.036642 -0.005101 0.999315
22.35039 -80.40305 0.04000654 60.87223 -0.00062 -0.037969 -0.0049 0.999267
22.45439 -80.47401 0.0182673 61.69567 0.000767 -0.039231 -0.005624 0.999214
22.55837 -80.54972 -0.003742664 62.51365 0.002419 -0.040979 -0.006619 0.999135
22.66227 -80.62089 -0.02632294 63.32787 0.004269 -0.043003 -0.006971 0.999042
22.76614 -80.69604 -0.05452812 64.13629 0.006516 -0.044614 -0.007647 0.998954
22.87016 -80.7781 -0.08379998 64.94508 0.006255 -0.046107 -0.010391 0.998863
22.97402 -80.85967 -0.1090773 65.75279 0.005675 -0.047886 -0.011789 0.998767
23.07801 -80.94518 -0.136047 66.55929 0.003108 -0.049847 -0.013395 0.998662
23.18199 -81.03408 -0.1573834 67.3635 -0.00034 -0.051816 -0.01375 0.998562
23.28591 -81.12341 -0.1755819 68.15999 -0.001969 -0.054281 -0.013341 0.998435
23.38977 -81.21916 -0.1913565 68.9488 -0.002218 -0.057541 -0.0131 0.998255
23.49376 -81.31685 -0.2042169 69.73955 -0.004064 -0.060586 -0.011719 0.998086
23.59764 -81.42164 -0.2174815 70.5203 -0.004069 -0.063829 -0.011805 0.997883
23.70151 -81.54226 -0.2305564 71.29191 -0.003642 -0.066792 -0.014183 0.997659
23.80554 -81.66368 -0.2426308 72.05943 -0.001687 -0.069625 -0.015223 0.997456
23.90939 -81.78344 -0.2550723 72.82193 -0.00018 -0.072704 -0.014873 0.997243
24.01339 -81.91089 -0.2691768 73.58474 0.000195 -0.075381 -0.015831 0.997029
24.11727 -82.0491 -0.2836517 74.34335 -0.001575 -0.077691 -0.016561 0.996839
24.22127 -82.18657 -0.2975894 75.10124 -0.003918 -0.080707 -0.016878 0.996587
24.32514 -82.32699 -0.3160459 75.85198 -0.005264 -0.083919 -0.016622 0.99632
24.42914 -82.46709 -0.3273793 76.5947 -0.003696 -0.087406 -0.015677 0.996043
24.53302 -82.61416 -0.3380953 77.33161 0.000188 -0.091642 -0.014541 0.995686
24.63689 -82.76564 -0.3542448 78.06923 0.001361 -0.096226 -0.013356 0.995269
24.74076 -82.93034 -0.3753983 78.80777 -0.000568 -0.101623 -0.013602 0.99473
24.84464 -83.10119 -0.386632 79.54411 -0.002893 -0.107376 -0.012819 0.994132
24.94851 -83.28409 -0.3994934 80.28097 -0.006911 -0.113348 -0.013498 0.99344
25.05239 -83.46726 -0.4083909 81.0106 -0.009314 -0.119027 -0.013737 0.992752
25.15627 -83.6579 -0.4178227 81.72568 -0.006805 -0.12489 -0.015591 0.992025
25.26014 -83.85643 -0.4258951 82.4307 -0.00166 -0.131052 -0.015522 0.991253
25.36401 -84.05742 -0.4274942 83.14038 0.000742 -0.137387 -0.014877 0.990405
25.46789 -84.26582 -0.4288742 83.86239 -0.001291 -0.143736 -0.0136 0.989522
25.57179 -84.49278 -0.4369496 84.58416 -0.005449 -0.149654 -0.014022 0.988624
25.67564 -84.72751 -0.4424402 85.30299 -0.008298 -0.155704 -0.014228 0.987666
25.77952 -84.96507 -0.4446969 86.01174 -0.007605 -0.162275 -0.012332 0.986639
25.88339 -85.2123 -0.4477484 86.71556 -0.005126 -0.168313 -0.011646 0.985651
25.98739 -85.46879 -0.4551185 87.41701 -0.002503 -0.173056 -0.010649 0.984851
26.09127 -85.72668 -0.4633066 88.11804 0.000862 -0.17711 -0.008866 0.984151
26.19527 -85.99632 -0.4725988 88.82079 0.00188 -0.181015 -0.008841 0.983439
26.29929 -86.28029 -0.4872714 89.52111 0.002456 -0.185025 -0.011557 0.982663
26.40314 -86.56905 -0.4896331 90.21553 0.001153 -0.189168 -0.011994 0.981871
26.50702 -86.86039 -0.4833979 90.91809 -0.001748 -0.193397 -0.011448 0.981052
26.61102 -87.15878 -0.4804139 91.62194 -0.00563 -0.197076 -0.010996 0.98031
26.71489 -87.47632 -0.4825025 92.3185 -0.008826 -0.200209 -0.015635 0.979589
26.81889 -87.8025 -0.4756232 93.00351 -0.007302 -0.203129 -0.020054 0.978919
26.92289 -88.11795 -0.4680556 93.68698 -0.002918 -0.206212 -0.019093 0.978317
27.02689 -88.42784 -0.4619748 94.37577 0.000317 -0.208973 -0.015666 0.977796
27.13089 -88.74901 -0.4631796 95.06817 0.00122 -0.211068 -0.015867 0.977342
27.23477 -89.08452 -0.466622 95.76606 -0.000989 -0.213341 -0.018815 0.976796
27.33864 -89.41637 -0.4736535 96.46571 -0.003122 -0.216137 -0.019829 0.976157
27.44266 -89.74796 -0.4788901 97.16351 -0.003175 -0.219027 -0.018178 0.975544
27.54652 -90.08495 -0.4847031 97.84976 0.000168 -0.221506 -0.0178 0.974997
27.65052 -90.42665 -0.4875902 98.53474 0.003838 -0.224072 -0.017053 0.974416
27.75439 -90.77493 -0.4958138 99.21955 0.004958 -0.226673 -0.017528 0.973801
27.85841 -91.13104 -0.5064823 99.9095 0.002786 -0.228789 -0.018979 0.973287
27.9623 -91.48703 -0.5172294 100.5948 0.001838 -0.231046 -0.019483 0.972746
28.06615 -91.84 -0.526198 101.2774 0.001518 -0.233531 -0.019932 0.972144
28.17002 -92.19617 -0.5349382 101.9541 0.00152 -0.235977 -0.019273 0.971566
28.27404 -92.55294 -0.5434586 102.6273 0.00181 -0.23827 -0.018226 0.971026
28.37789 -92.91478 -0.5511717 103.2961 0.001339 -0.240561 -0.018029 0.970466
28.48189 -93.28321 -0.5589669 103.9601 0.001405 -0.242819 -0.01851 0.969894
28.58577 -93.65046 -0.5659964 104.6187 0.00113 -0.24517 -0.019048 0.969292
28.68966 -94.01507 -0.5767572 105.2674 0.003055 -0.247668 -0.017959 0.968674
28.79367 -94.38211 -0.588392 105.9103 0.005035 -0.250043 -0.016866 0.968075
28.89752 -94.74824 -0.5980777 106.5472 0.006536 -0.252197 -0.016285 0.967517
29.00152 -95.12335 -0.6050065 107.1878 0.004933 -0.254127 -0.016695 0.967014
29.10539 -95.49621 -0.6134439 107.8233 0.000677 -0.255852 -0.017775 0.966552
29.20939 -95.86451 -0.6210034 108.4529 -0.004314 -0.257325 -0.017694 0.966153
29.31327 -96.2232 -0.6251307 109.0677 -0.007378 -0.258843 -0.016793 0.965745
29.41727 -96.57402 -0.6245992 109.6683 -0.007642 -0.260463 -0.014915 0.965338
29.52114 -96.92077 -0.6262052 110.2481 -0.005831 -0.262182 -0.014391 0.964894
29.62502 -97.26338 -0.6273272 110.8135 -0.004564 -0.263753 -0.013795 0.964481
29.72904 -97.60083 -0.627085 111.3654 -0.004165 -0.265211 -0.013175 0.964091
29.8329 -97.92433 -0.6283274 111.9025 -0.004034 -0.26647 -0.012127 0.963758
29.93677 -98.24175 -0.6324615 112.4233 -0.004664 -0.267682 -0.01228 0.963418
30.04077 -98.55027 -0.6360649 112.9252 -0.005629 -0.268811 -0.012098 0.963101
30.14465 -98.84348 -0.636794 113.4056 -0.0061 -0.270067 -0.011282 0.962756
30.24852 -99.12485 -0.6384109 113.8657 -0.006467 -0.27132 -0.01013 0.962414
30.3524 -99.39682 -0.6400806 114.3023 -0.006192 -0.272366 -0.009683 0.962125
30.45627 -99.66423 -0.6481915 114.7173 -0.004403 -0.27345 -0.01038 0.96182
30.56027 -99.91884 -0.6560401 115.1137 -0.002358 -0.274838 -0.009748 0.961438
30.66404 -100.1623 -0.6586289 115.4941 -0.001707 -0.276857 -0.008033 0.960876
30.7679 -100.3993 -0.6585884 115.8608 -0.002542 -0.27921 -0.005672 0.96021
30.87179 -100.6332 -0.6607942 116.2046 -0.003143 -0.282142 -0.005783 0.95935
30.97565 -100.8652 -0.6647242 116.5286 -0.003731 -0.285295 -0.007608 0.958402
31.07954 -101.0904 -0.6694671 116.8348 -0.004994 -0.288351 -0.010247 0.957457
31.18327 -101.3056 -0.6713923 117.1266 -0.008078 -0.291528 -0.01233 0.956449
31.28714 -101.506 -0.6722784 117.4011 -0.010238 -0.295349 -0.012744 0.955249
31.3909 -101.6929 -0.6721459 117.6574 -0.01141 -0.299774 -0.011077 0.953878
31.49466 -101.8739 -0.672996 117.8992 -0.012322 -0.305262 -0.009459 0.952142
31.59839 -102.0513 -0.6736387 118.122 -0.013318 -0.312011 -0.008362 0.949948
31.70215 -102.2292 -0.6753232 118.3256 -0.013832 -0.319823 -0.008452 0.947339
31.80577 -102.4053 -0.6766433 118.5086 -0.013413 -0.328773 -0.009441 0.944267
31.90952 -102.576 -0.6819095 118.6815 -0.012504 -0.338903 -0.009279 0.940692
32.01315 -102.742 -0.6858513 118.838 -0.009886 -0.349381 -0.008891 0.936886
32.1169 -102.9018 -0.6870036 118.9816 -0.007472 -0.359727 -0.007864 0.932995
32.22065 -103.0684 -0.6855969 119.116 -0.00473 -0.369941 -0.008829 0.929001
32.3244 -103.245 -0.6827537 119.2422 -0.002336 -0.38003 -0.011854 0.924895
32.42817 -103.4183 -0.6819887 119.3668 -0.001582 -0.390746 -0.013597 0.920397
32.53177 -103.5947 -0.6769315 119.4976 -0.002722 -0.402176 -0.01239 0.915475
32.63553 -103.7731 -0.672655 119.6238 -0.003862 -0.414081 -0.011402 0.91016
32.73927 -103.9548 -0.6680274 119.7348 -0.00498 -0.426777 -0.01174 0.904267
32.8429 -104.1481 -0.6624189 119.8384 -0.005524 -0.440112 -0.014188 0.897814
32.94665 -104.3385 -0.6580382 119.9342 -0.006552 -0.453401 -0.01601 0.891139
33.0504 -104.5336 -0.6558701 120.0291 -0.007207 -0.466859 -0.017486 0.88413
33.15402 -104.733 -0.6537004 120.1137 -0.007246 -0.480125 -0.019337 0.876957
33.25777 -104.9312 -0.6515101 120.1854 -0.007329 -0.49332 -0.022055 0.869537
33.36165 -105.1362 -0.6502394 120.2566 -0.007794 -0.506831 -0.024002 0.861676
33.46527 -105.3437 -0.6512383 120.3283 -0.008048 -0.520925 -0.023862 0.853231
33.56902 -105.5582 -0.6512936 120.3886 -0.006895 -0.535822 -0.023161 0.843985
33.67279 -105.8016 -0.646722 120.452 -0.005175 -0.551384 -0.022003 0.833945
33.77642 -106.0565 -0.6404796 120.5003 -0.0044 -0.568343 -0.021377 0.822502
33.88004 -106.3408 -0.6320823 120.5536 -0.004362 -0.585944 -0.021119 0.810065
33.98365 -106.6408 -0.6251645 120.5994 -0.004063 -0.603919 -0.020681 0.796767
34.0874 -106.946 -0.6151359 120.6206 -0.003548 -0.622798 -0.019597 0.782129
34.19102 -107.2795 -0.6047007 120.6402 -0.003298 -0.641991 -0.018917 0.766472
34.29477 -107.6301 -0.5937682 120.6434 -0.003527 -0.661002 -0.018882 0.750138
34.39842 -107.9733 -0.5851771 120.6163 -0.004458 -0.680086 -0.019247 0.732866
34.50214 -108.3468 -0.5780578 120.5908 -0.006596 -0.699299 -0.019183 0.714541
34.6059 -108.7113 -0.5724405 120.5308 0.008777 0.718149 0.018824 -0.69558
34.70966 -109.1034 -0.5651093 120.4648 0.010792 0.736523 0.018263 -0.67608
34.8134 -109.5039 -0.5571731 120.3764 0.012477 0.754227 0.017937 -0.65625
34.91715 -109.8936 -0.5498158 120.2526 0.013718 0.771092 0.01791 -0.636324
35.02102 -110.3105 -0.5385017 120.1212 0.015141 0.786996 0.017343 -0.616528
35.12477 -110.7358 -0.5271191 119.9688 0.017128 0.802256 0.016096 -0.596517
35.22867 -111.1598 -0.5145431 119.7761 0.019006 0.816755 0.014788 -0.576482
35.33252 -111.6037 -0.5003029 119.5688 0.020878 0.830307 0.013635 -0.556748
35.4364 -112.0419 -0.4860644 119.3248 0.022314 0.842963 0.012727 -0.537359
35.54042 -112.4967 -0.4701443 119.0622 0.023209 0.854531 0.012046 -0.518742
35.6444 -112.9599 -0.4518107 118.7686 0.02352 0.864565 0.011922 -0.501829
35.74865 -113.4215 -0.433277 118.447 0.023315 0.872962 0.011947 -0.487084
35.85277 -113.8987 -0.4140913 118.1067 0.022423 0.879642 0.012152 -0.474951
35.95705 -114.379 -0.4005528 117.7492 0.021376 0.884877 0.011995 -0.46518
36.06129 -114.8756 -0.3846543 117.3755 0.020796 0.888866 0.012434 -0.457527
36.16567 -115.3845 -0.3685473 116.9889 0.021241 0.892055 0.012535 -0.451253
36.2699 -115.9072 -0.3511796 116.5875 0.021828 0.894811 0.01261 -0.445733
36.37417 -116.4394 -0.33342 116.1705 0.022531 0.897031 0.012779 -0.441209
36.47842 -116.978 -0.3145039 115.7373 0.02235 0.89881 0.013212 -0.437568
36.58267 -117.5268 -0.2939813 115.2919 0.022158 0.900385 0.013465 -0.434321
36.6869 -118.0864 -0.273294 114.8352 0.022348 0.901641 0.013522 -0.431695
36.79111 -118.6599 -0.2513318 114.3662 0.022813 0.902567 0.013475 -0.429733
36.89515 -119.2396 -0.2283537 113.8874 0.02346 0.903236 0.013468 -0.42829
36.99949 -119.8351 -0.2043772 113.3947 0.023666 0.903543 0.013422 -0.427633
37.10355 -120.4389 -0.1816124 112.8933 0.02367 0.903761 0.013104 -0.427181
37.20765 -121.0569 -0.1575086 112.3812 0.023611 0.903992 0.012626 -0.42671
37.31178 -121.687 -0.1322116 111.8577 0.02369 0.904171 0.011982 -0.426346
37.41589 -122.3282 -0.1050706 111.3222 0.023915 0.904393 0.012284 -0.425853
37.52003 -122.9704 -0.07535629 110.7728 0.023823 0.904646 0.013603 -0.425281
37.62415 -123.6258 -0.04736641 110.2135 0.023828 0.904975 0.014883 -0.424536
37.72815 -124.2849 -0.01867648 109.6502 0.02393 0.905285 0.014942 -0.423867
37.83228 -124.9562 0.01110994 109.0798 0.023849 0.905585 0.013751 -0.423271
37.93628 -125.6369 0.04221843 108.5006 0.023973 0.90583 0.01289 -0.422767
38.04028 -126.332 0.07133427 107.9136 0.02485 0.906096 0.012171 -0.422165
38.14428 -127.0372 0.09929117 107.3179 0.025973 0.906321 0.011606 -0.421632
38.24828 -127.7453 0.1250424 106.7132 0.025383 0.906676 0.010507 -0.420932
38.35228 -128.4619 0.1484347 106.1014 0.02445 0.907008 0.00869 -0.420312
38.45615 -129.186 0.166941 105.4824 0.022882 0.907281 0.007111 -0.419841
38.56015 -129.9193 0.1835941 104.8515 0.021494 0.907268 0.007368 -0.419939
38.66415 -130.6623 0.1979002 104.2149 0.021156 0.907237 0.00839 -0.420004
38.76815 -131.4132 0.2144697 103.5744 0.021426 0.907239 0.00992 -0.419953
38.87203 -132.1648 0.2318873 102.9386 0.022463 0.907236 0.01089 -0.41988
38.97602 -132.9234 0.2513658 102.3035 0.023566 0.90725 0.011488 -0.419774
39.0799 -133.6799 0.2702986 101.6681 0.024062 0.907271 0.011804 -0.419692
39.18393 -134.4357 0.2900097 101.0301 0.024363 0.907268 0.011892 -0.419677
39.28778 -135.1892 0.3106498 100.3904 0.023689 0.907326 0.0123 -0.41958
39.39175 -135.9465 0.3298425 99.75107 0.023863 0.907316 0.012809 -0.419577
39.49583 -136.7105 0.3478641 99.10851 0.023972 0.907342 0.013568 -0.419491
39.59958 -137.4685 0.3680159 98.46944 0.024311 0.907361 0.014014 -0.419414
39.70363 -138.2274 0.3899821 97.82785 0.024362 0.907496 0.013957 -0.419121
39.80787 -138.9901 0.4148069 97.18269 0.024556 0.90764 0.013263 -0.418821
39.91128 -139.748 0.4343912 96.54609 0.024716 0.90786 0.012901 -0.418345
40.01528 -140.5111 0.4529559 95.90422 0.02499 0.908035 0.012901 -0.417948
40.11914 -141.2656 0.4726101 95.26259 0.024693 0.908258 0.012939 -0.417481
40.22303 -142.0208 0.4912744 94.62044 0.024239 0.908419 0.012781 -0.417161
40.32693 -142.7704 0.5111815 93.97889 0.023703 0.908559 0.012477 -0.416897
40.43077 -143.5294 0.5274135 93.337 0.023278 0.908539 0.01256 -0.416961
40.53499 -144.2862 0.5445632 92.69067 0.021932 0.908514 0.013542 -0.41706
40.63867 -145.0409 0.5612957 92.04892 0.021317 0.908293 0.013938 -0.417558
40.74254 -145.794 0.5779645 91.41052 0.020552 0.908033 0.013495 -0.418176
40.84641 -146.5475 0.5937592 90.77404 0.019324 0.907667 0.013067 -0.419042
40.9504 -147.3072 0.6086489 90.13928 0.019637 0.907265 0.012752 -0.419906
41.0546 -148.0704 0.6250373 89.50321 0.020693 0.906964 0.013512 -0.420482
41.15823 -148.8333 0.6468099 88.87146 0.023056 0.906584 0.01525 -0.421118
41.26246 -149.6005 0.6716835 88.23696 0.025744 0.906266 0.017724 -0.42155
41.36593 -150.3591 0.6967564 87.60683 0.026493 0.90609 0.01887 -0.421832
41.46982 -151.1134 0.7256258 86.97809 0.02556 0.906091 0.016596 -0.421985
41.57358 -151.8671 0.7539528 86.34989 0.024438 0.906145 0.014411 -0.422016
41.67741 -152.6218 0.7806961 85.71894 0.024526 0.906102 0.014153 -0.42211
41.78121 -153.379 0.8039512 85.08539 0.024857 0.906107 0.015796 -0.422021
41.88506 -154.1322 0.8288243 84.45676 0.025683 0.906121 0.016537 -0.421915
41.9888 -154.8823 0.8536668 83.83215 0.025833 0.906275 0.015463 -0.421614
42.09274 -155.6292 0.8796994 83.20615 0.02566 0.906478 0.014516 -0.421223
42.19645 -156.3743 0.9056545 82.57906 0.025589 0.906642 0.01509 -0.420853
42.30017 -157.119 0.9324518 81.95146 0.026698 0.906728 0.016837 -0.420532
42.40408 -157.8614 0.9618364 81.32671 0.027702 0.906847 0.018483 -0.420142
42.50779 -158.6032 0.9920658 80.70349 0.02836 0.906988 0.018254 -0.419804
42.61155 -159.3358 1.022069 80.08383 0.028555 0.907172 0.017413 -0.419429
42.71529 -160.0585 1.049905 79.46455 0.028388 0.907312 0.016389 -0.419178
42.81919 -160.7804 1.077505 78.84428 0.027216 0.907333 0.016267 -0.419215
42.92292 -161.5 1.102704 78.22487 0.025989 0.907123 0.01662 -0.419734
43.02685 -162.2213 1.128462 77.60858 0.02525 0.906991 0.016661 -0.420062
43.13055 -162.9402 1.154301 76.99411 0.024521 0.906829 0.017105 -0.420437
43.23443 -163.6585 1.179845 76.38223 0.023854 0.906669 0.017533 -0.420803
43.33833 -164.3767 1.205952 75.77428 0.024289 0.906503 0.017632 -0.42113
43.44205 -165.093 1.231444 75.17018 0.023659 0.906416 0.017147 -0.421374
43.54591 -165.8081 1.25702 74.56637 0.023011 0.906264 0.016778 -0.421751
43.64977 -166.5248 1.282062 73.96713 0.023498 0.906152 0.016559 -0.421975
43.75365 -167.2418 1.306576 73.3721 0.025073 0.905949 0.01653 -0.422321
43.8575 -167.9552 1.330108 72.77838 0.025709 0.905878 0.016719 -0.422427
43.96128 -168.6684 1.351053 72.19108 0.025147 0.905818 0.015468 -0.422638
44.06519 -169.3812 1.373431 71.61267 0.025013 0.905759 0.01338 -0.422843
44.16905 -170.0844 1.396727 71.03558 0.025082 0.90556 0.01222 -0.423299
44.27279 -170.7831 1.405731 70.468 0.023759 0.905398 0.013386 -0.423687
44.37666 -171.4722 1.416166 69.9057 0.02369 0.905344 0.014178 -0.423781
44.48054 -172.1588 1.425569 69.35261 0.023665 0.905392 0.014194 -0.423679
44.58431 -172.8299 1.436887 68.80749 0.023561 0.90544 0.013827 -0.423593
44.68822 -173.4939 1.448357 68.26999 0.023741 0.905428 0.013643 -0.423615
44.79218 -174.1451 1.460081 67.73915 0.023509 0.905458 0.013699 -0.423563
44.89587 -174.7856 1.470417 67.21605 0.02312 0.905442 0.014053 -0.423607
44.99971 -175.4193 1.482743 66.69815 0.023055 0.905494 0.014071 -0.423498
45.10355 -176.0447 1.496245 66.18835 0.023366 0.905556 0.014297 -0.423342
45.20733 -176.6638 1.510435 65.6842 0.023894 0.905581 0.0152 -0.423227
45.31122 -177.2745 1.525125 65.18539 0.024572 0.905597 0.0161 -0.42312
45.41524 -177.8683 1.538016 64.68934 0.025459 0.905575 0.016693 -0.423091
45.51894 -178.4448 1.550332 64.19739 0.026342 0.905626 0.016941 -0.42292
45.62298 -179.0078 1.561925 63.71223 0.027399 0.90566 0.016848 -0.422782
45.72654 -179.5612 1.575397 63.24071 0.027938 0.905758 0.016601 -0.422548
45.83109 -180.1003 1.58648 62.76519 0.027808 0.905961 0.016875 -0.422109
45.93431 -180.6249 1.600125 62.31141 0.028565 0.906184 0.016495 -0.421595
46.03818 -181.1416 1.611948 61.86056 0.029068 0.906714 0.015514 -0.420458
46.14205 -181.6486 1.623859 61.41959 0.030082 0.907646 0.014399 -0.418409
46.24592 -182.1422 1.635244 60.98005 0.031248 0.909024 0.01347 -0.415352
46.34968 -182.6223 1.64854 60.5453 0.032466 0.911088 0.012721 -0.410734
46.45343 -183.0885 1.662241 60.11032 0.033686 0.913457 0.01244 -0.405349
46.55722 -183.5369 1.673611 59.67252 0.034577 0.91618 0.012176 -0.399088
46.66097 -183.9747 1.68544 59.2357 0.035839 0.919414 0.011898 -0.391474
46.76455 -184.4045 1.698748 58.80121 0.037725 0.923217 0.010997 -0.382264
46.86831 -184.8122 1.713703 58.36066 0.039478 0.927462 0.010179 -0.371689
46.97193 -185.1982 1.732581 57.91203 0.040108 0.932262 0.010231 -0.359408
47.07556 -185.5495 1.74951 57.45834 0.039427 0.937426 0.011076 -0.345768
47.17917 -185.8798 1.767896 57.00033 0.038161 0.942744 0.01221 -0.331101
47.28292 -186.1871 1.784988 56.53757 0.036684 0.948285 0.013268 -0.315014
47.38654 -186.455 1.807526 56.06608 0.035634 0.953994 0.014101 -0.297368
47.49016 -186.7152 1.826654 55.59683 0.036067 0.959862 0.01486 -0.277746
47.59387 -186.9445 1.84288 55.12564 0.034057 0.965939 0.015607 -0.256042
47.69741 -187.1206 1.856411 54.64759 0.030403 0.971775 0.015749 -0.233411
47.80116 -187.2835 1.870218 54.17085 0.024469 0.977077 0.015738 -0.210888
47.90491 -187.4227 1.883289 53.69416 0.020034 0.981797 0.0153 -0.188251
48.0086 -187.5256 1.887417 53.21309 0.016434 0.986117 0.014122 -0.164634
48.11229 -187.6307 1.893359 52.7371 0.015368 0.989914 0.013126 -0.140217
48.21606 -187.6915 1.900316 52.25276 0.014965 0.993125 0.0132 -0.115347
48.31978 -187.7485 1.901338 51.77232 0.015013 0.995683 0.013853 -0.090544
48.42363 -187.7723 1.900778 51.29098 0.011615 0.997661 0.015746 -0.065495
48.52742 -187.7414 1.901606 50.80341 0.006489 0.998992 0.018631 -0.040324
48.63119 -187.7165 1.903912 50.33042 0.004721 0.999661 0.020723 -0.015025
48.73491 -187.6828 1.909578 49.86716 0.00676 0.999714 0.020186 0.010913
48.83878 -187.6045 1.913879 49.40375 0.01098 0.99908 0.019364 0.036663
48.94253 -187.5198 1.916071 48.95472 0.012738 0.997821 0.018168 0.062133
49.04641 -187.3856 1.91604 48.50872 0.013399 0.995938 0.017542 0.087299
49.15028 -187.2454 1.919502 48.08322 0.012951 0.993472 0.016302 0.11216
49.25403 -187.0919 1.921924 47.66758 0.01387 0.99034 0.015157 0.137133
49.35791 -186.905 1.925132 47.2498 0.01643 0.986464 0.015204 0.162443
49.46178 -186.7142 1.922721 46.84089 0.018167 0.982323 0.014742 0.185725
49.56578 -186.4782 1.917552 46.43056 0.015887 0.97795 0.015218 0.207676
49.66978 -186.2433 1.910636 46.02498 0.014277 0.973332 0.017197 0.22831
49.77378 -185.9999 1.906858 45.62057 0.015187 0.968743 0.019426 0.246837
49.87803 -185.7437 1.904895 45.21752 0.017037 0.964356 0.021303 0.263199
49.98218 -185.4762 1.903482 44.82494 0.017138 0.960264 0.021723 0.277719
50.08641 -185.1904 1.903992 44.4335 0.016364 0.956552 0.022065 0.290264
50.19069 -184.8981 1.906175 44.04415 0.015664 0.953383 0.021452 0.300591
50.29505 -184.5971 1.908337 43.65148 0.015352 0.95074 0.021073 0.308891
50.3993 -184.2874 1.908808 43.25715 0.014803 0.94858 0.02064 0.315517
50.50368 -183.9689 1.909156 42.85899 0.013941 0.946861 0.019808 0.320731
50.60803 -183.6434 1.911087 42.45635 0.013095 0.945473 0.018446 0.324915
50.71239 -183.3133 1.914906 42.04606 0.013784 0.94427 0.017715 0.328405
50.81673 -182.9728 1.921291 41.62858 0.014582 0.943309 0.017732 0.331122
50.92092 -182.6247 1.928571 41.20434 0.016551 0.942548 0.018055 0.333171
51.02528 -182.2608 1.933488 40.7774 0.015419 0.941983 0.017281 0.334861
51.12953 -181.8872 1.936481 40.34468 0.01374 0.941593 0.015792 0.336101
51.2338 -181.5012 1.944762 39.89489 0.012066 0.941364 0.015228 0.336831
51.33803 -181.1166 1.952827 39.43245 0.01299 0.941188 0.01603 0.337253
51.44216 -180.7267 1.954282 38.95179 0.015499 0.941147 0.01699 0.337215
51.5464 -180.3265 1.951012 38.46147 0.015933 0.941307 0.017045 0.336744
51.65053 -179.9121 1.948467 37.96509 0.014458 0.941482 0.014438 0.336443
51.75465 -179.4927 1.950893 37.45911 0.015176 0.941602 0.010928 0.336208
51.85878 -179.0635 1.950476 36.93739 0.015456 0.94174 0.00843 0.335879
51.96278 -178.6239 1.946894 36.39418 0.016759 0.941836 0.008877 0.335536
52.06691 -178.1621 1.94215 35.84918 0.015588 0.941891 0.009762 0.335415
52.17103 -177.6842 1.937626 35.29616 0.012355 0.941969 0.009922 0.335327
52.27503 -177.1997 1.929672 34.72689 0.010216 0.941925 0.009977 0.335519
52.37903 -176.7106 1.923186 34.1427 0.009766 0.941845 0.010411 0.335744
52.48316 -176.2079 1.922565 33.53889 0.009046 0.94185 0.011896 0.3357
52.58716 -175.6955 1.923742 32.92207 0.008778 0.941934 0.01406 0.335388
52.69118 -175.1718 1.922179 32.29666 0.007139 0.941901 0.014619 0.335496
52.79515 -174.6388 1.921438 31.66497 0.005815 0.941837 0.013048 0.335768
52.89916 -174.1052 1.927099 31.02204 0.006955 0.941772 0.011447 0.335985
53.00316 -173.559 1.933011 30.36327 0.008127 0.941583 0.012083 0.336466
53.10716 -173.0021 1.938375 29.69599 0.00797 0.941591 0.015199 0.33632
53.21118 -172.4382 1.94584 29.02358 0.009192 0.941561 0.016979 0.336289
53.31516 -171.867 1.951405 28.34675 0.009874 0.941457 0.017089 0.336555
53.41916 -171.2881 1.956277 27.6606 0.012047 0.941402 0.015938 0.336696
53.52315 -170.7093 1.958687 26.96332 0.014734 0.941336 0.014472 0.336839
53.62704 -170.1234 1.951058 26.25927 0.015439 0.941383 0.013422 0.336719
53.73104 -169.5314 1.943279 25.54622 0.015165 0.941599 0.012799 0.336151
53.83505 -168.9342 1.93667 24.82358 0.014236 0.941743 0.013959 0.335741
53.93891 -168.3371 1.929608 24.09784 0.013245 0.941861 0.01533 0.335392
54.04291 -167.7434 1.921892 23.3687 0.013394 0.942016 0.016874 0.334875
54.14678 -167.1591 1.914344 22.6392 0.015541 0.942062 0.018401 0.334574
54.2508 -166.5815 1.908782 21.90866 0.018883 0.942113 0.020023 0.334163
54.35466 -166.0001 1.908068 21.17959 0.020023 0.942152 0.022127 0.333854
54.45866 -165.4129 1.91419 20.44842 0.020609 0.942159 0.025403 0.333565
54.56253 -164.8351 1.923826 19.71467 0.021156 0.9421 0.028904 0.333414
54.66641 -164.2567 1.934077 18.99252 0.022324 0.942178 0.028654 0.333139
54.77042 -163.6778 1.940348 18.28024 0.022687 0.942417 0.02465 0.332757
54.87429 -163.1045 1.94164 17.57387 0.024206 0.942719 0.020275 0.332091
54.97853 -162.5251 1.942748 16.8568 0.02503 0.942905 0.018552 0.331601
55.08204 -161.9505 1.939281 16.14389 0.024573 0.943086 0.019942 0.331039
55.18592 -161.3773 1.936519 15.42915 0.024409 0.943214 0.021317 0.330602
55.29078 -160.8026 1.93571 14.71206 0.024233 0.943355 0.022042 0.330164
55.39373 -160.2415 1.936584 14.01383 0.022774 0.943925 0.021742 0.328656
55.49768 -159.6822 1.936046 13.30347 0.021034 0.945044 0.021182 0.325578
55.6017 -159.1338 1.935031 12.59096 0.019965 0.946531 0.021129 0.3213
55.70567 -158.6027 1.939067 11.87586 0.020294 0.94836 0.020969 0.315852
55.80969 -158.088 1.945549 11.15361 0.020921 0.950623 0.021551 0.308892
55.91381 -157.5933 1.952156 10.42311 0.02232 0.953272 0.023296 0.300386
56.01793 -157.1079 1.958096 9.685989 0.022723 0.956221 0.025513 0.290646
56.12205 -156.6525 1.968002 8.940913 0.023709 0.95965 0.026269 0.278963
56.22619 -156.2137 1.981362 8.187478 0.025656 0.963417 0.026951 0.265412
56.33051 -155.8113 2.002674 7.41973 0.027065 0.967413 0.027792 0.250213
56.43467 -155.4337 2.020771 6.640524 0.028291 0.971366 0.028708 0.234144
56.53894 -155.0736 2.039549 5.854252 0.02942 0.975048 0.02828 0.21821
56.64303 -154.7551 2.055959 5.066725 0.031402 0.978541 0.02466 0.202146
56.74729 -154.4511 2.070725 4.275819 0.033085 0.981843 0.019605 0.185759
56.85143 -154.1799 2.076776 3.475256 0.031754 0.984904 0.016105 0.169398
56.95555 -153.9186 2.081455 2.660279 0.029359 0.987594 0.015495 0.153482
57.05965 -153.6909 2.081084 1.836084 0.028239 0.989766 0.015419 0.139027
57.16356 -153.4863 2.082675 1.004297 0.028754 0.991481 0.014944 0.126156
57.26747 -153.2952 2.088962 0.1642828 0.030743 0.99278 0.013734 0.115128
57.37129 -153.1167 2.094656 -0.6849197 0.030493 0.993855 0.01409 0.105471
57.47515 -152.9463 2.099191 -1.551019 0.028398 0.994852 0.016921 0.0958
57.57907 -152.7936 2.108057 -2.422346 0.028242 0.995682 0.018444 0.086481
57.68293 -152.6592 2.120983 -3.301845 0.028295 0.996422 0.01819 0.077534
57.78669 -152.5347 2.129986 -4.18441 0.027825 0.997083 0.016 0.069252
57.89057 -152.4224 2.145234 -5.081774 0.029172 0.997538 0.014542 0.062095
57.99489 -152.3238 2.164537 -6.003442 0.032122 0.997743 0.015691 0.056848
58.09807 -152.2301 2.184519 -6.932667 0.034693 0.997749 0.021103 0.053359
58.20185 -152.1344 2.208027 -7.875658 0.036211 0.997675 0.025769 0.051656
58.30544 -152.0349 2.236569 -8.818435 0.03598 0.997716 0.026055 0.050878
58.40923 -151.9309 2.26438 -9.767273 0.034535 0.997836 0.024405 0.050354
58.51281 -151.8222 2.290503 -10.72343 0.032024 0.997989 0.022315 0.049945
58.61656 -151.7054 2.314806 -11.69649 0.027862 0.998155 0.020754 0.049804
58.72045 -151.5906 2.340253 -12.68601 0.025273 0.99822 0.020831 0.049833
58.82403 -151.4796 2.366234 -13.68436 0.024116 0.998207 0.021851 0.05024
58.92782 -151.3681 2.390739 -14.68941 0.022925 0.998191 0.02282 0.050671
59.0317 -151.2539 2.419304 -15.70974 0.022794 0.99816 0.022908 0.051297
59.13542 -151.1385 2.446252 -16.72996 0.021833 0.998153 0.022539 0.052019
59.23917 -151.0183 2.471748 -17.76061 0.020944 0.99817 0.021497 0.052492
59.34307 -150.8986 2.495354 -18.79445 0.020032 0.998186 0.020522 0.052927
59.44678 -150.7787 2.516209 -19.83629 0.018427 0.998232 0.019961 0.052868
59.55068 -150.6584 2.531082 -20.88457 0.01715 0.998285 0.020049 0.052249
59.65455 -150.5418 2.546922 -21.93524 0.016387 0.998332 0.020375 0.051479
59.75842 -150.4287 2.562912 -22.98777 0.016165 0.998368 0.020603 0.050753
59.86246 -150.3173 2.580523 -24.03963 0.015738 0.998405 0.020912 0.050022
59.96599 -150.21 2.602248 -25.09394 0.015761 0.998424 0.021465 0.049409
60.06969 -150.1008 2.624842 -26.14805 0.015507 0.998419 0.022795 0.04899
60.17345 -149.9955 2.652068 -27.19872 0.01507 0.998425 0.023642 0.048589
60.27719 -149.8915 2.677343 -28.24318 0.014637 0.998473 0.023078 0.048016
60.38105 -149.7898 2.703716 -29.28484 0.014481 0.99852 0.021918 0.047614
60.4848 -149.6882 2.727489 -30.32621 0.014168 0.998557 0.021212 0.047259
60.58854 -149.5881 2.749371 -31.3652 0.013948 0.998583 0.021268 0.046752
60.6926 -149.4892 2.772055 -32.40607 0.0135 0.998617 0.021761 0.045921
60.797 -149.3925 2.79829 -33.4488 0.012902 0.998672 0.022338 0.044602
60.9002 -149.3004 2.822913 -34.47237 0.01238 0.998732 0.022749 0.043172
61.00392 -149.2116 2.847794 -35.50025 0.012061 0.998814 0.022043 0.041704
61.1077 -149.1247 2.872146 -36.5257 0.011545 0.998887 0.021806 0.040194
61.21158 -149.0389 2.8933 -37.54989 0.011088 0.998942 0.022299 0.038663
61.31529 -148.9571 2.914898 -38.57065 0.010954 0.998974 0.023199 0.037326
61.4192 -148.8814 2.936848 -39.58889 0.011221 0.999006 0.023902 0.035927
61.52295 -148.8101 2.958886 -40.60275 0.011576 0.99904 0.024003 0.034768
61.62679 -148.7352 2.980846 -41.61181 0.011464 0.999086 0.023756 0.033645
61.73099 -148.6636 3.002899 -42.62144 0.011996 0.999124 0.023187 0.032699
61.83451 -148.5927 3.027276 -43.62164 0.011619 0.999151 0.023217 0.031983
61.93839 -148.5176 3.05498 -44.62545 0.010937 0.999171 0.023544 0.031361
62.04207 -148.4441 3.079101 -45.62217 0.010532 0.9992 0.023002 0.030976
62.14593 -148.3689 3.102061 -46.61393 0.010354 0.999257 0.020922 0.030679
62.24991 -148.296 3.122209 -47.60259 0.009888 0.9993 0.019195 0.030554
62.35366 -148.2258 3.142814 -48.59075 0.010079 0.999296 0.01899 0.030742
62.45742 -148.1556 3.159721 -49.57611 0.010506 0.999283 0.019008 0.030999
62.56129 -148.0851 3.175297 -50.55843 0.011342 0.999248 0.019768 0.031379
62.66529 -148.0135 3.189403 -51.53844 0.012401 0.999208 0.020418 0.031821
62.76905 -147.9424 3.205788 -52.51178 0.012806 0.999178 0.020872 0.03232
62.8728 -147.87 3.219705 -53.47973 0.013122 0.999152 0.021192 0.032768
62.97667 -147.7977 3.231897 -54.44853 0.012636 0.999136 0.02144 0.03328
63.08066 -147.7243 3.243527 -55.41352 0.012556 0.999135 0.020882 0.033683
63.18446 -147.6532 3.257265 -56.37284 0.013617 0.999104 0.020284 0.034548
63.28824 -147.5797 3.270311 -57.3302 0.01431 0.999052 0.019811 0.036014
63.39207 -147.5001 3.2824 -58.2811 0.013714 0.999015 0.019462 0.037436
63.49582 -147.4207 3.29139 -59.22935 0.013646 0.998984 0.018803 0.038618
63.59972 -147.3415 3.301002 -60.17164 0.01381 0.998948 0.018494 0.039637
63.70364 -147.2599 3.310925 -61.10803 0.013417 0.99893 0.018594 0.040171
63.80744 -147.1781 3.317449 -62.03744 0.012575 0.99891 0.019715 0.040388
63.91142 -147.0991 3.324624 -62.95647 0.012151 0.998907 0.020699 0.040119
64.01577 -147.0218 3.332509 -63.86909 0.012012 0.998916 0.021264 0.03964
64.11946 -146.9462 3.341452 -64.76162 0.011317 0.998947 0.021385 0.038993
64.22341 -146.8736 3.350949 -65.64189 0.010674 0.998997 0.021251 0.037947
64.32743 -146.8046 3.362788 -66.50732 0.010185 0.999066 0.021428 0.036122
64.43145 -146.7409 3.376135 -67.35784 0.010281 0.999157 0.021624 0.03336
64.53556 -146.6842 3.387862 -68.18896 0.010562 0.999264 0.021657 0.029833
64.63959 -146.637 3.40087 -68.99922 0.011496 0.999359 0.02187 0.02591
64.74358 -146.6018 3.409958 -69.78685 0.012659 0.99942 0.02268 0.022002
64.84759 -146.575 3.416011 -70.55095 0.01435 0.999473 0.022831 0.018079
64.95155 -146.5515 3.42136 -71.28944 0.015212 0.999512 0.023203 0.01433
65.0555 -146.5298 3.426278 -72.00342 0.015911 0.99954 0.02352 0.010614
65.15952 -146.5152 3.430945 -72.68937 0.016347 0.999565 0.023459 0.007171
65.26346 -146.5063 3.436511 -73.3485 0.017019 0.999576 0.023291 0.004001
65.36748 -146.499 3.443175 -73.98191 0.017455 0.99958 0.023114 0.001026
65.47147 -146.496 3.451189 -74.5886 0.018027 0.999575 0.022849 -0.001686
65.57532 -146.4997 3.454673 -75.16771 0.019076 0.999556 0.0225 -0.004091
65.67931 -146.5087 3.458263 -75.72426 0.019938 0.999511 0.023233 -0.006365
65.7833 -146.5201 3.46068 -76.24921 0.020199 0.999467 0.024228 -0.008387
65.8873 -146.531 3.464948 -76.74501 0.020641 0.999429 0.024688 -0.010265
65.99117 -146.5458 3.469095 -77.20836 0.020852 0.9994 0.025 -0.0118
66.09534 -146.5624 3.474975 -77.64447 0.021584 0.999361 0.02533 -0.013042
66.19908 -146.5828 3.4811 -78.04556 0.022709 0.999316 0.025616 -0.013999
66.30307 -146.5982 3.487735 -78.41532 0.023294 0.999285 0.025948 -0.014602
66.40705 -146.6147 3.489838 -78.7529 0.023173 0.999271 0.026511 -0.014761
66.51293 -146.6267 3.492333 -79.0606 0.022668 0.999279 0.026754 -0.014537
66.6148 -146.6358 3.49339 -79.32694 0.021966 0.99931 0.026477 -0.013999
66.7188 -146.6444 3.496768 -79.57193 0.021104 0.999348 0.026167 -0.013138
66.82414 -146.6502 3.501775 -79.79717 0.020306 0.999389 0.025828 -0.011904
66.92676 -146.6574 3.507398 -79.99877 0.019785 0.99943 0.025206 -0.010666
67.03161 -146.6613 3.513405 -80.19576 0.019636 0.99948 0.023861 -0.00924
67.13465 -146.6636 3.523785 -80.38467 0.019884 0.999509 0.022817 -0.008085
67.23847 -146.6635 3.531968 -80.56988 0.02031 0.999511 0.022716 -0.00697
67.34252 -146.6558 3.544429 -80.74617 0.01988 0.999516 0.023215 -0.005831
67.44648 -146.6452 3.553303 -80.91148 0.01892 0.999536 0.02343 -0.004617
67.55033 -146.6315 3.562076 -81.06159 0.01803 0.999565 0.0231 -0.003243
67.65429 -146.6264 3.568355 -81.20217 0.018326 0.999574 0.022669 -0.001418
67.75821 -146.6236 3.574643 -81.3349 0.018943 0.999571 0.022302 0.000899
67.86219 -146.6172 3.580246 -81.46093 0.019146 0.999567 0.022062 0.003593
67.96608 -146.6064 3.586432 -81.58005 0.018577 0.999561 0.022033 0.006891
68.07019 -146.591 3.591611 -81.69181 0.017574 0.999547 0.021925 0.010775
68.17398 -146.5743 3.595945 -81.79611 0.016548 0.999513 0.022044 0.014655
68.27793 -146.5544 3.599009 -81.88799 0.015886 0.999455 0.022541 0.018162
68.3818 -146.5371 3.601598 -81.96407 0.015199 0.999396 0.022796 0.021356
68.48593 -146.5218 3.605125 -82.02535 0.014831 0.999346 0.022889 0.023762
68.58998 -146.5098 3.607875 -82.07268 0.014904 0.999302 0.022479 0.025851
68.69397 -146.4988 3.610893 -82.10813 0.014841 0.999265 0.022261 0.027462
68.79797 -146.4897 3.612361 -82.13307 0.014961 0.999232 0.022291 0.028555
68.90206 -146.4813 3.614901 -82.1479 0.014733 0.999214 0.021965 0.029524
69.00604 -146.4749 3.616561 -82.15466 0.014595 0.999201 0.022064 0.029957
69.11083 -146.47 3.618715 -82.15162 0.014567 0.999203 0.022107 0.029881
69.21423 -146.4675 3.618427 -82.14449 0.014935 0.999207 0.021668 0.02987
69.31819 -146.4666 3.617487 -82.14289 0.015152 0.999213 0.021056 0.030008
69.42233 -146.4691 3.619237 -82.14598 0.015029 0.999222 0.020886 0.029878
69.52632 -146.4743 3.621418 -82.14846 0.014907 0.999217 0.021093 0.029984
69.63032 -146.4784 3.622343 -82.14814 0.014919 0.999219 0.020886 0.030058
69.73433 -146.4809 3.626275 -82.14689 0.015017 0.999219 0.02088 0.030003
69.83843 -146.4837 3.630956 -82.14592 0.015007 0.999211 0.021103 0.030108
69.94331 -146.4853 3.635666 -82.1443 0.015015 0.999214 0.020962 0.030124
70.04725 -146.486 3.642197 -82.14339 0.01505 0.99921 0.020952 0.030219
70.15051 -146.4874 3.646408 -82.14478 0.015063 0.999207 0.021053 0.030255
70.25445 -146.4896 3.650913 -82.14651 0.015088 0.999206 0.021044 0.030289
70.35844 -146.4903 3.653096 -82.14732 0.015154 0.999202 0.021017 0.030395
70.46245 -146.4929 3.66085 -82.15098 0.015189 0.9992 0.020991 0.03047
70.56645 -146.4935 3.666124 -82.15255 0.015244 0.999196 0.021051 0.030524
70.67064 -146.495 3.67267 -82.1546 0.015269 0.999193 0.021038 0.030609
70.77454 -146.4952 3.677041 -82.15536 0.015285 0.999192 0.021038 0.030644
70.87855 -146.4961 3.682929 -82.15662 0.015303 0.999188 0.021047 0.030759
70.98254 -146.4944 3.686575 -82.15612 0.01534 0.999183 0.021057 0.030906
71.08668 -146.4943 3.692587 -82.15657 0.015429 0.999178 0.021049 0.031027
71.19068 -146.4929 3.697692 -82.15523 0.015483 0.999171 0.02101 0.031238
71.29467 -146.4903 3.703976 -82.15185 0.015551 0.999164 0.021009 0.031427
71.39879 -146.4878 3.711265 -82.14843 0.015594 0.999155 0.020982 0.031708
71.50301 -146.4858 3.71733 -82.14544 0.015671 0.999149 0.02099 0.031856
71.60692 -146.4866 3.721405 -82.14302 0.015711 0.999149 0.020983 0.031847
71.71099 -146.4873 3.72538 -82.14091 0.015776 0.999146 0.021018 0.031873
71.81772 -146.4876 3.730224 -82.13842 0.015756 0.999143 0.021028 0.031986
71.91896 -146.4871 3.733757 -82.13635 0.015789 0.999142 0.021 0.032024
72.02308 -146.4865 3.736302 -82.13505 0.015862 0.99914 0.021011 0.032049
72.12705 -146.486 3.737147 -82.13362 0.01595 0.999134 0.021008 0.032168
72.23197 -146.4879 3.738183 -82.13326 0.015996 0.999133 0.021039 0.032154
72.33512 -146.4881 3.739743 -82.13252 0.015987 0.999131 0.020998 0.032246
72.4392 -146.4887 3.743962 -82.13297 0.016016 0.99913 0.021006 0.032284
72.54319 -146.4887 3.746808 -82.13315 0.016013 0.999128 0.021027 0.032323
72.6472 -146.489 3.749734 -82.13346 0.01604 0.999125 0.021059 0.032382
72.7512 -146.4885 3.751969 -82.13324 0.01606 0.99912 0.021067 0.032506
72.85518 -146.4862 3.756727 -82.13358 0.016074 0.999117 0.021055 0.032627
72.95921 -146.4847 3.76039 -82.13348 0.016073 0.999114 0.021096 0.03269
73.0633 -146.485 3.762686 -82.13363 0.016139 0.999112 0.021098 0.032696
73.16746 -146.4854 3.763251 -82.13382 0.016177 0.999109 0.0211 0.032771
73.27173 -146.4849 3.763444 -82.13351 0.016135 0.99911 0.021115 0.032755
73.37531 -146.4851 3.764354 -82.13339 0.016149 0.99911 0.02112 0.03276
73.47944 -146.4851 3.765829 -82.13304 0.016166 0.999109 0.021152 0.032741
73.58346 -146.4801 3.76976 -82.13367 0.016112 0.999109 0.021151 0.032789
73.6876 -146.4764 3.772636 -82.13276 0.016078 0.999107 0.021184 0.032838
73.79156 -146.4733 3.773749 -82.13226 0.01609 0.999107 0.021135 0.032848
73.89566 -146.4721 3.77466 -82.13189 0.016106 0.999106 0.02115 0.032861
73.99956 -146.4755 3.775066 -82.13281 0.0161 0.999108 0.021161 0.032799
74.10368 -146.4771 3.775151 -82.13308 0.016106 0.999109 0.021169 0.032782
74.2077 -146.4775 3.77602 -82.13322 0.016138 0.999107 0.021168 0.032801
74.31171 -146.4765 3.778253 -82.13318 0.016134 0.999108 0.021136 0.03281
74.41568 -146.506 3.817593 -82.14996 0.016142 0.999107 0.021178 0.032818
74.5198 -146.525 3.844867 -82.16201 0.016093 0.999099 0.021079 0.033146
74.62389 -146.5414 3.867997 -82.17605 0.016011 0.999065 0.020851 0.03431
74.72784 -146.5569 3.891863 -82.19557 0.015763 0.999043 0.020656 0.035194
74.83185 -146.5659 3.908776 -82.2173 0.015486 0.998995 0.020546 0.03671
74.93585 -146.5794 3.927281 -82.24565 0.015721 0.998898 0.020634 0.039115
75.03985 -146.5858 3.940279 -82.27544 0.015729 0.998786 0.020632 0.041885
75.14381 -146.5906 3.955031 -82.31013 0.015395 0.998655 0.020619 0.045001
75.24781 -146.5878 3.963825 -82.34431 0.015268 0.998477 0.020642 0.048836
75.35171 -146.5882 3.974088 -82.38439 0.015252 0.998249 0.020553 0.053324
75.45573 -146.5818 3.98079 -82.42617 0.01515 0.997986 0.020598 0.058058
75.55959 -146.578 3.988369 -82.47354 0.014992 0.997666 0.020639 0.063339
75.66357 -146.5675 3.993899 -82.52259 0.014991 0.997268 0.020622 0.069334
75.76748 -146.5518 4.000773 -82.57422 0.014901 0.996798 0.020503 0.075833
75.87136 -146.5331 4.006616 -82.63234 0.014787 0.996245 0.020025 0.082921
75.97518 -146.5075 4.013233 -82.69805 0.014526 0.995566 0.019 0.090979
76.0791 -146.4759 4.019203 -82.77848 0.01391 0.994768 0.017892 0.099614
76.18295 -146.4452 4.024429 -82.88031 0.013283 0.99385 0.017365 0.108559
76.28681 -146.3964 4.029323 -82.98778 0.012904 0.992805 0.017584 0.117738
76.39067 -146.3513 4.033562 -83.11671 0.013485 0.991605 0.018264 0.127292
76.49507 -146.2958 4.037831 -83.25839 0.01425 0.990159 0.01905 0.137907
76.59834 -146.2309 4.040989 -83.41005 0.013766 0.988491 0.019672 0.149365
76.70207 -146.1563 4.045713 -83.57444 0.012928 0.986583 0.020962 0.161391
76.80583 -146.0701 4.051946 -83.74303 0.012927 0.984455 0.021964 0.173778
76.90969 -145.9804 4.058185 -83.92098 0.013757 0.982048 0.022582 0.186771
77.01344 -145.8795 4.063554 -84.10616 0.014271 0.979273 0.023828 0.200632
77.11709 -145.7599 4.070054 -84.29131 0.014653 0.976012 0.025451 0.215726
77.22084 -145.6332 4.076339 -84.48453 0.014914 0.972191 0.026306 0.23223
77.32446 -145.4913 4.08362 -84.6826 0.015222 0.967665 0.025904 0.250442
77.42819 -145.3153 4.089716 -84.88083 0.014829 0.962338 0.024613 0.270334
77.53182 -145.1255 4.095105 -85.09753 0.013616 0.956142 0.023249 0.291663
77.63543 -144.8957 4.100068 -85.31851 0.013437 0.948869 0.022301 0.314594
77.73908 -144.6601 4.109917 -85.56492 0.015308 0.940391 0.021646 0.33906
77.84269 -144.3964 4.121088 -85.81942 0.017665 0.931072 0.020362 0.363838
77.94653 -144.0775 4.128858 -86.06536 0.018668 0.921196 0.018681 0.388201
78.05025 -143.7422 4.134474 -86.32723 0.018765 0.910773 0.018151 0.412082
78.15397 -143.3707 4.13769 -86.59141 0.019299 0.899538 0.018457 0.436026
78.25784 -142.9474 4.141571 -86.84062 0.019901 0.887553 0.019322 0.459869
78.36156 -142.5033 4.14355 -87.08803 0.018938 0.874986 0.020521 0.483343
78.46543 -142.01 4.14816 -87.31564 0.018546 0.861581 0.022761 0.50677
78.56931 -141.5092 4.15337 -87.54335 0.019294 0.847303 0.025636 0.530139
78.67306 -140.9762 4.156256 -87.7514 0.019767 0.832357 0.02802 0.553178
78.77693 -140.3921 4.158657 -87.92431 0.019467 0.817042 0.02967 0.575485
78.8808 -139.7985 4.160018 -88.08758 0.019101 0.801686 0.031243 0.596623
78.98486 -139.1586 4.162171 -88.21988 0.019294 0.786234 0.032292 0.616783
79.08883 -138.5086 4.166045 -88.33879 0.020833 0.771624 0.03258 0.634902
79.19296 -137.8281 4.168871 -88.43333 0.021682 0.758619 0.031677 0.650402
79.29706 -137.1128 4.171257 -88.50147 0.021597 0.747319 0.030312 0.663423
79.40131 -136.3792 4.171706 -88.56031 0.022034 0.73809 0.028699 0.673732
79.50569 -135.6148 4.169899 -88.60753 0.022945 0.730628 0.027571 0.681833
79.61007 -134.8254 4.168382 -88.64646 0.023486 0.724683 0.027347 0.688139
79.71447 -134.0129 4.164762 -88.67609 0.02448 0.719466 0.027206 0.693563
79.8188 -133.1801 4.156812 -88.69656 0.025773 0.714561 0.026866 0.698581
79.92305 -132.3277 4.147637 -88.70556 0.027711 0.709423 0.026036 0.703756
80.02742 -131.4527 4.136633 -88.70109 0.029079 0.704403 0.024645 0.708776
80.13168 -130.552 4.122623 -88.68049 0.028412 0.699964 0.02319 0.713236
80.23593 -129.6312 4.103983 -88.64953 0.026779 0.696551 0.02164 0.716681
80.3403 -128.6888 4.084791 -88.61212 0.024941 0.69466 0.019978 0.718628
80.44455 -127.7239 4.065878 -88.57569 0.024357 0.693785 0.01869 0.719527
80.54894 -126.7352 4.048213 -88.54051 0.023576 0.693497 0.018676 0.719831
80.65319 -125.721 4.031067 -88.50489 0.023413 0.693059 0.019412 0.720239
80.75732 -124.6835 4.013952 -88.46433 0.023421 0.69203 0.01979 0.721217
80.86143 -123.6288 3.99689 -88.4197 0.023742 0.690491 0.020026 0.722673
80.96555 -122.5531 3.978093 -88.36834 0.023908 0.688807 0.019823 0.724279
81.06968 -121.4602 3.960347 -88.29428 0.0238 0.687029 0.019731 0.725972
81.17379 -120.3502 3.940654 -88.21078 0.023557 0.685039 0.019462 0.727866
81.27781 -119.2271 3.920264 -88.13057 0.023009 0.683091 0.020546 0.729682
81.38181 -118.0866 3.901849 -88.04055 0.022021 0.68113 0.022221 0.731494
81.48593 -116.9301 3.883303 -87.94868 0.021157 0.679447 0.023212 0.733053
81.58993 -115.7614 3.867981 -87.84858 0.021292 0.678621 0.023099 0.733816
81.69405 -114.5794 3.849717 -87.74507 0.021668 0.678609 0.021957 0.733852
81.79806 -113.3837 3.830963 -87.63924 0.021674 0.678964 0.021602 0.733534
81.90218 -112.1817 3.81218 -87.53924 0.021085 0.679182 0.02276 0.733314
82.00618 -110.9751 3.791845 -87.43868 0.020717 0.679291 0.024075 0.733181
82.11018 -109.7745 3.771694 -87.34289 0.020627 0.679466 0.025039 0.73299
82.21418 -108.5794 3.750574 -87.24708 0.020403 0.679586 0.025274 0.732876
82.31818 -107.3857 3.726738 -87.14676 0.020397 0.679775 0.025438 0.732695
82.4222 -106.1976 3.701746 -87.04988 0.020569 0.679983 0.024753 0.732521
82.52618 -105.0099 3.677172 -86.95296 0.021413 0.680166 0.023935 0.732355
82.63018 -103.8211 3.653224 -86.85966 0.021504 0.680302 0.023779 0.73223
82.73405 -102.6322 3.628733 -86.76401 0.020329 0.680491 0.024241 0.732073
82.83807 -101.4446 3.607239 -86.67222 0.019553 0.680675 0.025115 0.731894
82.94206 -100.2617 3.588698 -86.572 0.019841 0.680771 0.02438 0.731822
83.04605 -99.08436 3.569432 -86.48067 0.020959 0.680905 0.023984 0.731679
83.14993 -97.91011 3.547496 -86.38626 0.021467 0.680966 0.023526 0.731622
83.25396 -96.73614 3.526824 -86.29387 0.020178 0.681095 0.023767 0.731531
83.35793 -95.56279 3.506517 -86.20143 0.018853 0.681175 0.024463 0.731469
83.46193 -94.3923 3.490095 -86.11023 0.017269 0.681352 0.024756 0.731334
83.56593 -93.22888 3.474064 -86.01752 0.016697 0.681532 0.023455 0.731222
83.66981 -92.07077 3.457332 -85.93007 0.016947 0.681591 0.022638 0.731187
83.77369 -90.91482 3.439932 -85.8444 0.016995 0.681644 0.022325 0.731146
83.87756 -89.76083 3.420499 -85.7575 0.016429 0.681742 0.022103 0.731074
83.98156 -88.60756 3.402298 -85.67406 0.016138 0.681743 0.022975 0.731053
84.08558 -87.45822 3.383825 -85.59118 0.016499 0.681724 0.023238 0.731054
84.18966 -86.31428 3.36566 -85.5113 0.018027 0.681798 0.023337 0.730946
84.29337 -85.17639 3.347256 -85.4316 0.019366 0.681551 0.023599 0.731133
84.39714 -84.04212 3.327124 -85.35257 0.020212 0.680986 0.024679 0.731601
84.50097 -82.90481 3.306136 -85.26665 0.020126 0.679986 0.025392 0.732509
84.60469 -81.77442 3.285675 -85.17822 0.019918 0.678761 0.025913 0.733632
84.70856 -80.64658 3.266626 -85.08247 0.019206 0.677687 0.025729 0.734649
84.81232 -79.52584 3.245394 -84.98283 0.018611 0.676715 0.024385 0.735606
84.91606 -78.40969 3.221768 -84.88244 0.018969 0.675644 0.023221 0.736618
85.02009 -77.28896 3.191912 -84.78461 0.019006 0.67467 0.023 0.737516
85.12372 -76.17485 3.162484 -84.68498 0.018395 0.67391 0.023488 0.738211
85.22744 -75.06363 3.133853 -84.58436 0.018185 0.673238 0.023854 0.738817
85.33118 -73.95599 3.108503 -84.48155 0.017989 0.672662 0.02402 0.739341
85.4351 -72.84964 3.082721 -84.37548 0.017459 0.67214 0.024389 0.739816
85.53887 -71.74856 3.05932 -84.26751 0.016715 0.671807 0.023918 0.740152
85.6426 -70.65049 3.035851 -84.1597 0.016482 0.671835 0.023614 0.740141
85.74645 -69.5564 3.014567 -84.05165 0.016144 0.672101 0.02273 0.739935
85.8504 -68.4631 2.993483 -83.94657 0.016181 0.672617 0.022521 0.739471
85.95422 -67.36871 2.973202 -83.84452 0.016256 0.673208 0.02297 0.738918
86.05806 -66.26978 2.959134 -83.74424 0.017341 0.674008 0.023908 0.738133
86.16194 -65.17361 2.945193 -83.64855 0.018972 0.674783 0.024567 0.737363
86.26642 -64.07225 2.930056 -83.55385 0.020296 0.675621 0.025068 0.736543
86.36974 -62.98846 2.914583 -83.46386 0.020889 0.676425 0.026048 0.735755
86.4736 -61.89385 2.894478 -83.37192 0.020097 0.677264 0.02687 0.734974
86.57749 -60.80165 2.873362 -83.27983 0.019021 0.678134 0.027024 0.734195
86.68131 -59.72532 2.851534 -83.19229 0.01888 0.679012 0.026547 0.733404
86.78551 -58.65323 2.82608 -83.10582 0.018756 0.679827 0.025612 0.732685
86.88909 -57.58891 2.801637 -83.02288 0.019399 0.680564 0.024486 0.732022
86.99295 -56.51193 2.779651 -82.92872 0.020065 0.681221 0.023223 0.731434
87.09669 -55.43924 2.756445 -82.84557 0.02126 0.6818 0.022889 0.730871
87.20057 -54.36293 2.73159 -82.75948 0.021422 0.682171 0.022759 0.730525
87.30443 -53.28795 2.707333 -82.67777 0.020852 0.682358 0.023558 0.730341
87.40833 -52.21491 2.68434 -82.59449 0.019875 0.68226 0.024411 0.730432
87.51218 -51.15105 2.663165 -82.50983 0.018348 0.682137 0.02422 0.730593
87.61606 -50.10238 2.644628 -82.42382 0.016858 0.681966 0.023236 0.73082
87.71979 -49.05334 2.626537 -82.33696 0.015323 0.681834 0.021527 0.73103
87.82357 -48.00472 2.609242 -82.25022 0.014324 0.681721 0.02013 0.731195
87.92732 -46.96133 2.59164 -82.16174 0.013335 0.681621 0.018467 0.731351
88.03106 -45.91385 2.573083 -82.07717 0.013236 0.681522 0.017699 0.731464
88.13505 -44.85398 2.560563 -81.99356 0.013666 0.681232 0.016329 0.731758
88.23871 -43.795 2.547118 -81.91307 0.013949 0.681026 0.016487 0.73194
88.3426 -42.72975 2.539457 -81.836 0.01395 0.680674 0.019201 0.732202
88.44633 -41.66873 2.528194 -81.75523 0.011999 0.68029 0.02192 0.732517
88.55019 -40.60585 2.51585 -81.66958 0.012943 0.679811 0.023051 0.732911
88.65393 -39.55165 2.50395 -81.5933 0.015293 0.679332 0.022566 0.733325
88.75782 -38.49644 2.488082 -81.51302 0.017056 0.67905 0.021402 0.733582
88.86169 -37.44699 2.467897 -81.4292 0.017319 0.678934 0.020675 0.733704
88.96556 -36.39931 2.449328 -81.34352 0.017363 0.678705 0.020444 0.733921
89.06945 -35.35893 2.430647 -81.26015 0.017828 0.678571 0.02098 0.734019
89.17332 -34.32413 2.409772 -81.17846 0.019336 0.678541 0.020892 0.73401
89.27742 -33.29069 2.388158 -81.09833 0.021409 0.678557 0.021015 0.733935
89.38118 -32.26565 2.364654 -81.01888 0.022426 0.678718 0.021248 0.733749
89.48513 -31.23423 2.341459 -80.93893 0.022182 0.678993 0.022748 0.733457
89.58899 -30.20542 2.319947 -80.86334 0.021387 0.679179 0.024742 0.733244
89.69287 -29.18198 2.301513 -80.79003 0.020846 0.679463 0.025449 0.732972
89.79683 -28.16485 2.28654 -80.7195 0.020881 0.679881 0.024744 0.732607
89.90071 -27.15493 2.273856 -80.65087 0.020814 0.680279 0.023466 0.732281
90.00458 -26.14248 2.258338 -80.5796 0.020353 0.680689 0.023268 0.73192
90.1087 -25.13087 2.24336 -80.51287 0.019493 0.681039 0.023876 0.731598
90.21251 -24.12616 2.224417 -80.44513 0.018828 0.681412 0.024254 0.731256
90.31652 -23.12314 2.200874 -80.38011 0.019461 0.681666 0.024762 0.730986
90.42032 -22.12814 2.179186 -80.31382 0.019573 0.681908 0.024763 0.730757
90.52433 -21.13624 2.158118 -80.2473 0.019542 0.682192 0.024791 0.730492
90.62822 -20.15914 2.136539 -80.18102 0.018335 0.682479 0.0246 0.730261
90.73222 -19.20344 2.115684 -80.11803 0.017735 0.682795 0.024494 0.729984
90.8362 -18.26545 2.094794 -80.05605 0.01734 0.683108 0.024498 0.7297
90.9401 -17.34296 2.076612 -79.99311 0.016707 0.683339 0.024578 0.729496
91.04407 -16.43997 2.056734 -79.92964 0.015451 0.683358 0.024563 0.729506
91.14811 -15.55805 2.038136 -79.86631 0.015547 0.68308 0.024929 0.729752
91.25194 -14.70187 2.021472 -79.79755 0.016036 0.682256 0.024492 0.730527
91.35593 -13.86242 2.006898 -79.73095 0.01645 0.681132 0.024184 0.731576
91.45982 -13.04799 1.982635 -79.65774 0.015804 0.679691 0.023332 0.732957
91.56382 -12.25209 1.955701 -79.58095 0.015174 0.678123 0.022222 0.734456
91.66769 -11.471 1.931372 -79.50525 0.015523 0.676245 0.021682 0.736194
91.7717 -10.71407 1.907256 -79.42836 0.016304 0.673674 0.021459 0.738537
91.87557 -9.978597 1.882125 -79.34685 0.017763 0.670305 0.021495 0.741562
91.97954 -9.267307 1.855018 -79.25871 0.019125 0.666205 0.021413 0.745216
92.0837 -8.577034 1.82462 -79.15904 0.019158 0.66171 0.021011 0.749221
92.18728 -7.915426 1.793514 -79.05159 0.01925 0.656949 0.020751 0.753403
92.29178 -7.272311 1.764992 -78.94049 0.019159 0.651634 0.020937 0.758003
92.39482 -6.660991 1.73223 -78.82344 0.018787 0.645748 0.021896 0.763005
92.49871 -6.068827 1.702411 -78.69639 0.018313 0.639209 0.021373 0.768518
92.60714 -5.472914 1.669583 -78.54955 0.017767 0.631708 0.019592 0.774755
92.70633 -4.940333 1.642761 -78.4073 0.017057 0.624212 0.018045 0.78086
92.81267 -4.382647 1.616116 -78.24856 0.017273 0.615405 0.018073 0.787814
92.91389 -3.86783 1.594797 -78.08627 0.016723 0.606599 0.017898 0.79463
93.01761 -3.358995 1.576012 -77.90275 0.015993 0.597071 0.01695 0.80185
93.12132 -2.864838 1.557809 -77.71129 0.015863 0.586245 0.016065 0.809819
93.22506 -2.385605 1.5388 -77.50396 0.016392 0.574001 0.014702 0.818559
93.32869 -1.921735 1.519288 -77.28713 0.018005 0.559766 0.013758 0.828341
93.43244 -1.46975 1.500554 -77.05448 0.019238 0.543751 0.013057 0.838925
93.53624 -1.027851 1.487556 -76.80012 0.020065 0.525552 0.014312 0.850405
93.63969 -0.6036779 1.472946 -76.53314 0.019897 0.504347 0.015987 0.863124
93.74329 -0.2051226 1.455786 -76.23884 0.018421 0.481882 0.015154 0.875912
93.84721 0.166806 1.434811 -75.91192 0.017161 0.459322 0.012226 0.88802
93.95065 0.5205388 1.418536 -75.58157 0.017431 0.436206 0.010104 0.899621
94.0544 0.8592366 1.400138 -75.24181 0.019035 0.41223 0.009934 0.910827
94.15811 1.18203 1.376718 -74.88301 0.020688 0.388235 0.011325 0.921259
94.26183 1.473046 1.350348 -74.50932 0.018854 0.364593 0.009109 0.930931
94.36572 1.733786 1.324453 -74.11079 0.01581 0.340979 0.004677 0.939926
94.46945 1.977241 1.308518 -73.70973 0.01341 0.316637 0.00187 0.94845
94.57325 2.211269 1.295259 -73.29908 0.010454 0.291918 0.002241 0.956384
94.67709 2.4317 1.282661 -72.8688 0.00754 0.26729 0.004009 0.963578
94.78082 2.625592 1.26876 -72.43254 0.003867 0.242845 0.003221 0.970052
94.88479 2.77869 1.258343 -71.96837 -0.00073 0.218303 -0.002086 0.975878
94.98857 2.915642 1.253995 -71.5118 -0.002458 0.194028 -0.004202 0.980984
95.09244 3.046312 1.25835 -71.05343 -0.001299 0.169797 -0.004965 0.985466
95.19646 3.160868 1.257972 -70.57958 -0.000346 0.147479 -0.004617 0.989054
95.30044 3.257933 1.264619 -70.1026 -0.0003 0.127577 -0.005071 0.991816
95.40457 3.33279 1.267119 -69.61007 -0.000472 0.108976 -0.007991 0.994012
95.50857 3.394982 1.272526 -69.11648 7.6e-05 0.091907 -0.01085 0.995708
95.61282 3.452999 1.270676 -68.61143 -0.000224 0.077654 -0.012012 0.996908
95.71708 3.505748 1.267062 -68.09683 -0.000781 0.066382 -0.012502 0.997716
95.82121 3.551082 1.26175 -67.57573 -0.001272 0.055989 -0.012859 0.998348
95.92544 3.59156 1.259481 -67.04625 -0.001099 0.04646 -0.011736 0.998851
96.0297 3.623078 1.252875 -66.5056 -0.000105 0.038863 -0.011343 0.99918
96.13395 3.647772 1.243096 -65.95034 0.000481 0.031835 -0.011904 0.999422
96.23819 3.663801 1.234892 -65.37705 0.000565 0.024518 -0.012334 0.999623
96.34232 3.673887 1.227201 -64.79002 0.000803 0.017588 -0.012153 0.999771
96.44646 3.677308 1.218704 -64.18504 0.001008 0.010625 -0.011882 0.999872
96.55057 3.675967 1.209466 -63.56337 0.000653 0.003456 -0.010816 0.999935
96.65471 3.664022 1.199856 -62.92543 0.000937 -0.003097 -0.010729 0.999937
96.75895 3.643049 1.189755 -62.27133 0.001486 -0.008241 -0.011316 0.999901
96.86308 3.617203 1.179028 -61.60236 0.002119 -0.012533 -0.012233 0.999844
96.9672 3.591227 1.168096 -60.9157 0.002824 -0.015753 -0.012144 0.999798
97.07145 3.556391 1.152451 -60.2096 0.003105 -0.017894 -0.012247 0.99976
97.17557 3.520319 1.139602 -59.49348 0.003182 -0.019662 -0.011976 0.99973
97.27972 3.485568 1.128869 -58.76038 0.002672 -0.021089 -0.012015 0.999702
97.38381 3.451301 1.117531 -58.01266 0.001744 -0.022418 -0.011335 0.999683
97.48794 3.415287 1.106594 -57.2552 0.000504 -0.024014 -0.010611 0.999655
97.59207 3.375737 1.094891 -56.49375 -0.000694 -0.025564 -0.010102 0.999622
97.69624 3.332427 1.084248 -55.72964 -0.001903 -0.027113 -0.00994 0.999581
97.80034 3.288581 1.074394 -54.96514 -0.002859 -0.028741 -0.00901 0.999542
97.90432 3.243097 1.064884 -54.20352 -0.003283 -0.030491 -0.007899 0.999498
98.00832 3.192353 1.056466 -53.43799 -0.003407 -0.032322 -0.006865 0.999448
98.11232 3.132861 1.04964 -52.67327 -0.003363 -0.034204 -0.006606 0.999387
98.21647 3.069795 1.042836 -51.90721 -0.003148 -0.036095 -0.006407 0.999323
98.32032 3.005492 1.035311 -51.14242 -0.003225 -0.037655 -0.006425 0.999265
98.42432 2.937896 1.027891 -50.37643 -0.003363 -0.038683 -0.006764 0.999223
98.52832 2.871709 1.018952 -49.61228 -0.003242 -0.039311 -0.007075 0.999197
98.63232 2.80322 1.010036 -48.84616 -0.003223 -0.039645 -0.007694 0.999179
98.73632 2.741985 0.9980856 -48.0822 -0.003301 -0.039733 -0.007752 0.999175
98.84032 2.690256 0.9818285 -47.31871 -0.003652 -0.039708 -0.007342 0.999178
98.94434 2.632847 0.9665624 -46.5559 -0.004056 -0.039695 -0.007231 0.999177
99.0482 2.573747 0.9515027 -45.79733 -0.00464 -0.039688 -0.007254 0.999175
99.15222 2.514617 0.9390078 -45.03968 -0.005099 -0.039691 -0.007095 0.999174
99.25607 2.455917 0.9260055 -44.28628 -0.005081 -0.039664 -0.007011 0.999176
99.36007 2.395278 0.9139468 -43.53558 -0.004899 -0.03951 -0.007465 0.999179
99.4641 2.336487 0.9025269 -42.78704 -0.004623 -0.039062 -0.007386 0.999199
99.56794 2.281395 0.8911355 -42.0436 -0.004344 -0.038499 -0.006874 0.999226
99.67195 2.229024 0.8765595 -41.30397 -0.004314 -0.037731 -0.006988 0.999254
99.77595 2.176053 0.8564019 -40.57423 -0.004006 -0.036963 -0.007491 0.999281
99.87994 2.128161 0.8397655 -39.85331 -0.004681 -0.036336 -0.006157 0.99931
99.98382 2.080478 0.8233957 -39.14184 -0.005555 -0.035778 -0.005311 0.99933
100.0878 2.023801 0.8103769 -38.44127 -0.006614 -0.035121 -0.006729 0.999339
100.1918 1.97541 0.7933529 -37.75378 -0.006849 -0.034372 -0.00702 0.999361
100.2957 1.93323 0.7801851 -37.0788 -0.005486 -0.034246 -0.005631 0.999383
100.3997 1.89552 0.7597285 -36.41471 -0.004484 -0.034057 -0.005349 0.999396
100.5037 1.851613 0.7422292 -35.75756 -0.002389 -0.033455 -0.006538 0.999416
100.6077 1.807991 0.7220826 -35.10587 -0.001457 -0.033286 -0.007958 0.999413
100.7116 1.766675 0.7015109 -34.45818 -0.00125 -0.033103 -0.008383 0.999416
100.8156 1.727417 0.6817103 -33.81378 -0.001256 -0.032755 -0.00838 0.999427
100.9196 1.687773 0.6642943 -33.17691 -0.000589 -0.032534 -0.008437 0.999435
101.0236 1.645582 0.6488052 -32.54447 -5.2e-05 -0.03251 -0.009146 0.99943
101.1274 1.602843 0.6337501 -31.91722 0.000349 -0.032454 -0.009919 0.999424
101.2315 1.561553 0.6192475 -31.29334 0.000452 -0.032475 -0.010484 0.999417
101.3354 1.524724 0.6035847 -30.67447 0.000153 -0.032728 -0.010301 0.999411
101.4393 1.488055 0.5854894 -30.05921 -0.000286 -0.033034 -0.009932 0.999405
101.5433 1.45003 0.5615753 -29.44928 -0.000409 -0.033455 -0.009678 0.999393
101.6472 1.412389 0.5423823 -28.84028 -0.000227 -0.034135 -0.009335 0.999374
101.7512 1.378315 0.5196914 -28.2346 0.000387 -0.034974 -0.008993 0.999348
101.8551 1.340783 0.4975266 -27.63061 0.000931 -0.035701 -0.008967 0.999322
101.9591 1.305986 0.4776523 -27.0287 0.000939 -0.036643 -0.009007 0.999287
102.0629 1.267692 0.4591265 -26.43074 0.000878 -0.037707 -0.008899 0.999249
102.1669 1.229249 0.4405908 -25.83408 0.000914 -0.038706 -0.008406 0.999215
102.2708 1.191105 0.4256449 -25.23953 0.00077 -0.039649 -0.007542 0.999185
102.3748 1.152074 0.4124776 -24.6469 0.000146 -0.040709 -0.007036 0.999146
102.4787 1.111448 0.4026685 -24.06042 -0.000313 -0.0416 -0.007055 0.999109
102.5827 1.067365 0.3920096 -23.47692 -0.000791 -0.042387 -0.007324 0.999074
102.6866 1.022814 0.381693 -22.89845 -0.001457 -0.043319 -0.007636 0.999031
102.7906 0.9777518 0.3707154 -22.3266 -0.001839 -0.043963 -0.007583 0.999003
102.8944 0.9345741 0.3612177 -21.76546 -0.001927 -0.044319 -0.007536 0.998987
102.9985 0.8867823 0.3506486 -21.21267 -0.001898 -0.044424 -0.007733 0.998981
103.1024 0.8446471 0.3428022 -20.67046 -0.002044 -0.044104 -0.008273 0.998991
103.2065 0.8029049 0.3330321 -20.14023 -0.00195 -0.04338 -0.008778 0.999018
103.3103 0.7667103 0.3282057 -19.61995 -0.001937 -0.042685 -0.008967 0.999046
103.4143 0.7322119 0.3216458 -19.1116 -0.001914 -0.042057 -0.008686 0.999076
103.5183 0.6995025 0.3170837 -18.61591 -0.001788 -0.041325 -0.008639 0.999107
103.6223 0.6673674 0.3108239 -18.132 -0.001355 -0.040512 -0.008684 0.99914
103.7263 0.6355362 0.3060331 -17.65726 -0.00118 -0.039946 -0.008817 0.999162
103.8303 0.6017668 0.2964822 -17.19632 -0.0012 -0.039365 -0.008898 0.999185
103.9343 0.5679449 0.2867121 -16.74431 -0.001183 -0.038757 -0.009126 0.999206
104.0384 0.5366303 0.2753636 -16.30704 -0.001404 -0.038184 -0.009018 0.999229
104.1423 0.5073413 0.2644759 -15.88581 -0.001582 -0.037696 -0.008691 0.99925
104.251 0.4756959 0.2538892 -15.46492 -0.002044 -0.037137 -0.008376 0.999273
104.3506 0.4466098 0.2450817 -15.09502 -0.002696 -0.036646 -0.008863 0.999285
104.4552 0.4170347 0.2363433 -14.72666 -0.003082 -0.036157 -0.009567 0.999296
104.5582 0.3916312 0.2279003 -14.38514 -0.003019 -0.035677 -0.009862 0.99931
104.6622 0.3699658 0.2140665 -14.06463 -0.002768 -0.035317 -0.009267 0.999329
104.7662 0.3512582 0.2032018 -13.76062 -0.002351 -0.035018 -0.008836 0.999345
104.8702 0.3319222 0.1919107 -13.47437 -0.002082 -0.034667 -0.008557 0.99936
104.9742 0.3139292 0.1822253 -13.19914 -0.0018 -0.034375 -0.008821 0.999368
105.0786 0.299516 0.1737489 -12.93035 -0.001326 -0.034134 -0.008813 0.999378
105.1819 0.2860852 0.1660659 -12.66999 -0.000385 -0.033968 -0.008553 0.999386
105.286 0.2755991 0.1593153 -12.41089 0.000548 -0.033766 -0.008322 0.999395
105.39 0.2638684 0.1529288 -12.153 0.000738 -0.033626 -0.008304 0.9994
105.494 0.2561202 0.1472591 -11.8967 0.000465 -0.03358 -0.008297 0.999401
105.5979 0.2503151 0.1411226 -11.6435 0.000202 -0.033518 -0.007981 0.999406
105.7018 0.2385751 0.1355226 -11.39105 6.9e-05 -0.033455 -0.007708 0.999411
105.8057 0.2255563 0.1287714 -11.14019 -0.000109 -0.033441 -0.007502 0.999413
105.9097 0.2115382 0.1228655 -10.89334 -0.000133 -0.033524 -0.007655 0.999409
106.0137 0.1981649 0.1204292 -10.64489 -0.000171 -0.033568 -0.007479 0.999408
106.1176 0.1839541 0.1141874 -10.39814 -9.9e-05 -0.034037 -0.007009 0.999396
106.2215 0.1693736 0.1079282 -10.15224 -0.000216 -0.035415 -0.006313 0.999353
106.3255 0.151201 0.1010753 -9.907869 -0.000212 -0.037637 -0.006186 0.999272
106.4293 0.132765 0.09648987 -9.665059 -0.000268 -0.040675 -0.006408 0.999152
106.5332 0.1131098 0.09200309 -9.424513 -7.1e-05 -0.044459 -0.006555 0.99899
106.6377 0.09101141 0.08827309 -9.183499 -8.2e-05 -0.048273 -0.007216 0.998808
106.741 0.06543519 0.08241309 -8.94769 -6.6e-05 -0.051138 -0.008274 0.998657
106.845 0.04083069 0.07406821 -8.713565 0.000108 -0.053486 -0.009002 0.998528
106.9494 0.01685971 0.06895291 -8.476707 0.00024 -0.055943 -0.008525 0.998398
107.0529 -0.008130694 0.0653196 -8.242587 0.000264 -0.058443 -0.007946 0.998259
107.1568 -0.0370814 0.06224212 -8.008871 0.00034 -0.060459 -0.008446 0.998135
107.2607 -0.07086213 0.05793854 -7.778389 0.00049 -0.061614 -0.009757 0.998052
107.3647 -0.1055715 0.0505747 -7.549918 0.000667 -0.061893 -0.010899 0.998023
107.4688 -0.1332081 0.04493818 -7.321385 0.000805 -0.061523 -0.010921 0.998046
107.5728 -0.1584155 0.04066731 -7.09403 0.000734 -0.060863 -0.010686 0.998089
107.6768 -0.1817262 0.03554511 -6.867589 0.0006 -0.060007 -0.010282 0.998145
107.7809 -0.2082007 0.02607704 -6.638255 0.000393 -0.058885 -0.010377 0.998211
107.885 -0.2343012 0.01689914 -6.41269 0.00031 -0.057629 -0.010301 0.998285
107.989 -0.2605138 0.006487083 -6.188841 0.000642 -0.056391 -0.010155 0.998357
108.093 -0.2848702 -0.002995286 -5.965868 0.000709 -0.055042 -0.010057 0.998433
108.1971 -0.3079171 -0.01257988 -5.742297 0.000617 -0.053449 -0.010164 0.998519
108.3011 -0.3276403 -0.02120828 -5.519328 0.000586 -0.051537 -0.010018 0.998621
108.4051 -0.3442492 -0.02776683 -5.296044 0.00059 -0.049448 -0.009991 0.998727
108.5091 -0.3603525 -0.03365884 -5.068979 0.000988 -0.047463 -0.009926 0.998823
108.613 -0.3761889 -0.0401751 -4.833849 0.001932 -0.045411 -0.009869 0.998918
108.717 -0.3883831 -0.04408253 -4.586875 0.002688 -0.043147 -0.009561 0.999019
108.821 -0.4015895 -0.04852264 -4.32804 0.002866 -0.040859 -0.009391 0.999117
108.925 -0.4129028 -0.05184738 -4.057574 0.002692 -0.038444 -0.00914 0.999215
109.0288 -0.4240876 -0.05696394 -3.77609 0.002589 -0.036026 -0.008715 0.999309
109.1328 -0.4312891 -0.06308662 -3.48317 0.002155 -0.03354 -0.007759 0.999405
109.2368 -0.4408512 -0.06990187 -3.181643 0.001424 -0.030902 -0.006875 0.999498
109.3407 -0.454006 -0.07544684 -2.872732 0.00075 -0.028477 -0.006335 0.999574
109.4447 -0.4645429 -0.08065293 -2.5559 0.000449 -0.026133 -0.005896 0.999641
109.5486 -0.4725894 -0.08314586 -2.231273 9.5e-05 -0.024003 -0.005938 0.999694
109.6526 -0.4804756 -0.08733471 -1.896997 -0.000385 -0.021881 -0.005957 0.999743
109.7565 -0.4879376 -0.0933525 -1.556277 -0.000909 -0.019799 -0.005464 0.999789
109.8605 -0.4929063 -0.09990064 -1.206877 -0.001106 -0.018043 -0.004625 0.999826
109.9644 -0.4949177 -0.1050763 -0.8506597 -0.000256 -0.016767 -0.003359 0.999854
110.0682 -0.4997101 -0.1105933 -0.4851712 0.000897 -0.015987 -0.002688 0.999868
110.1721 -0.5088378 -0.1157865 -0.1088576 0.002035 -0.015299 -0.003326 0.999875
110.276 -0.5209827 -0.1196282 0.2785206 0.002049 -0.014026 -0.005007 0.999887
110.38 -0.5115556 -0.1105472 0.6797468 0.001508 -0.011349 -0.007515 0.999906
110.484 -0.4737364 -0.09224491 1.0889 0.001049 -0.007415 -0.006529 0.999951
110.5878 -0.4339981 -0.08769902 1.492117 0.000958 -0.003507 -0.002303 0.999991
110.6917 -0.3883676 -0.0866064 1.890361 0.002188 -0.001691 0.00206 0.999994
110.7956 -0.3696291 -0.09413486 2.281506 0.003859 -0.003203 0.003909 0.99998
110.8992 -0.3685772 -0.09619576 2.669212 0.004898 -0.008796 0.002073 0.999947
111.0029 -0.3877857 -0.09757224 3.05066 0.006739 -0.017071 -0.00053 0.999831
111.1066 -0.4147316 -0.0994854 3.428579 0.008509 -0.025794 -0.004308 0.999622
111.2102 -0.4428038 -0.1044886 3.803063 0.009451 -0.035252 -0.00472 0.999323
111.314 -0.473375 -0.113 4.175334 0.009322 -0.046809 -0.002798 0.998856
111.4177 -0.5212578 -0.1244534 4.545801 0.006163 -0.058835 -0.002932 0.998244
111.5213 -0.5907949 -0.1371187 4.909245 0.002796 -0.071481 -0.005759 0.997421
111.6251 -0.6694622 -0.1454802 5.262875 0.000948 -0.084605 -0.008358 0.996379
111.7287 -0.754007 -0.1526452 5.608678 5.4e-05 -0.09761 -0.009665 0.995178
111.8325 -0.8389403 -0.1577788 5.951591 -0.001644 -0.109707 -0.010136 0.993911
111.9364 -0.9296743 -0.162834 6.291946 -0.003187 -0.120297 -0.009706 0.992685
112.0402 -1.032008 -0.1682553 6.626423 -0.004778 -0.12735 -0.012011 0.991774
112.1442 -1.13596 -0.1742996 6.958512 -0.006235 -0.131496 -0.015558 0.991175
112.2483 -1.22934 -0.1749966 7.289411 -0.007442 -0.132558 -0.017727 0.990989
112.3525 -1.312862 -0.176227 7.617634 -0.007365 -0.1303 -0.018495 0.991275
112.4567 -1.383808 -0.178361 7.944145 -0.007388 -0.126403 -0.017358 0.9918
112.561 -1.438607 -0.1800396 8.249384 -0.009319 -0.122323 -0.014483 0.992341
112.6651 -1.485319 -0.1784785 8.521081 -0.010481 -0.117551 -0.012945 0.992927
112.7692 -1.531094 -0.1800686 8.751345 -0.011216 -0.112409 -0.01368 0.993505
112.8733 -1.56547 -0.1843807 8.946937 -0.011266 -0.1075 -0.014135 0.994041
112.9775 -1.589383 -0.1876084 9.10658 -0.010566 -0.102661 -0.013953 0.994562
113.0816 -1.603789 -0.1880929 9.232185 -0.010075 -0.09875 -0.012619 0.994981
113.1857 -1.615795 -0.188175 9.324632 -0.009586 -0.096115 -0.011705 0.995255
113.2897 -1.626597 -0.1885721 9.380866 -0.009122 -0.094166 -0.011933 0.995443
113.3937 -1.634967 -0.1888051 9.405472 -0.008331 -0.093254 -0.012356 0.995531
113.4977 -1.635852 -0.1890361 9.404838 -0.00812 -0.093375 -0.012291 0.995522
113.6017 -1.636807 -0.1924645 9.386956 -0.006956 -0.093575 -0.012546 0.995509
113.7057 -1.637558 -0.1977199 9.378778 -0.004484 -0.093397 -0.012645 0.995539
113.8097 -1.640332 -0.1993791 9.376167 -0.00299 -0.093554 -0.012463 0.995532
113.9136 -1.641127 -0.1963128 9.372464 -0.003242 -0.093553 -0.012307 0.995533
114.0176 -1.643107 -0.1932542 9.369584 -0.00365 -0.093432 -0.012271 0.995543
114.1216 -1.64354 -0.1932834 9.37105 -0.003887 -0.093603 -0.012279 0.995526
114.2256 -1.643726 -0.1924916 9.370281 -0.004225 -0.093534 -0.012473 0.995529
114.3296 -1.643555 -0.191078 9.367453 -0.004167 -0.093547 -0.012503 0.995528
