0.0 1.665335e-16 -1.110223e-16 2.220446e-16 0.0 0.0 0.0 1.0
0.1038725 0.01210187 0.0004468736 0.1267281 0.000507 0.007704 -0.000687 0.99997
0.2077453 0.03021791 0.0009791738 0.268623 0.00029 0.018033 -0.002065 0.999835
0.3118742 0.05987546 0.002308105 0.4305403 -0.000413 0.031394 -0.002869 0.999503
0.4158721 0.1050408 0.003322381 0.6034613 -0.001597 0.048124 -0.002786 0.998836
0.5199995 0.1652963 0.005264528 0.7870087 -0.002673 0.067079 -0.001401 0.997743
0.6241195 0.2401943 0.007625042 0.9812571 -0.00286 0.086945 0.000192 0.996209
0.7282455 0.3220547 0.01121243 1.185453 -0.003493 0.108768 0.000226 0.994061
0.8324957 0.4170054 0.0147447 1.399473 -0.004732 0.133265 -4.3e-05 0.991069
0.9366217 0.5318267 0.01361741 1.620036 -0.008211 0.157956 0.000802 0.987412
1.04077 0.6772189 0.01304237 1.841928 -0.011737 0.182473 0.005023 0.983128
1.144873 0.8328051 0.01601613 2.063052 -0.013482 0.209234 0.007419 0.977744
1.248998 0.9991018 0.01908196 2.286905 -0.015193 0.237299 0.007498 0.971289
1.353147 1.18805 0.02416489 2.5128 -0.017553 0.265388 0.007665 0.963951
1.457124 1.399778 0.03070196 2.733367 -0.019181 0.293921 0.00937 0.955591
1.561124 1.634196 0.03653765 2.948016 -0.020187 0.322915 0.011536 0.946142
1.665128 1.890112 0.04599883 3.160521 -0.020969 0.350985 0.013122 0.936054
1.768997 2.166152 0.0599496 3.369735 -0.020825 0.378175 0.01452 0.925386
1.872875 2.465897 0.07581133 3.579897 -0.02089 0.404907 0.015148 0.913994
1.976766 2.784666 0.09232525 3.792151 -0.022523 0.430519 0.014153 0.90219
2.080499 3.131897 0.1077991 4.000366 -0.023434 0.454191 0.013749 0.89049
2.184123 3.507611 0.1241318 4.202254 -0.023867 0.475798 0.013816 0.879122
2.287894 3.909356 0.1392366 4.402127 -0.024817 0.495778 0.014355 0.867976
2.391499 4.338561 0.1575565 4.60041 -0.025229 0.514321 0.013677 0.857118
2.495127 4.794196 0.1775272 4.791823 -0.024727 0.53176 0.01327 0.84643
2.598751 5.277728 0.1987946 4.974126 -0.022759 0.547467 0.013426 0.83641
2.702273 5.789743 0.2220149 5.152037 -0.020564 0.560852 0.013731 0.827547
2.805874 6.329744 0.2453956 5.330723 -0.018726 0.572221 0.013711 0.819771
2.909375 6.895352 0.2686406 5.510973 -0.017619 0.581248 0.013967 0.813416
3.012876 7.490216 0.2909019 5.692965 -0.017254 0.587719 0.014513 0.808751
3.116499 8.109243 0.3131206 5.878028 -0.01723 0.592615 0.015481 0.805153
3.220123 8.752695 0.3367873 6.068197 -0.018429 0.597213 0.015801 0.801715
3.32375 9.421853 0.3626882 6.260273 -0.019714 0.601628 0.015901 0.798375
3.427371 10.11201 0.3902645 6.449695 -0.020593 0.605797 0.016272 0.795186
3.531001 10.82597 0.4193165 6.636983 -0.021668 0.609984 0.016625 0.791943
3.634758 11.55971 0.4514517 6.820541 -0.022255 0.614289 0.017182 0.78858
3.738395 12.31146 0.486118 7.00076 -0.022574 0.618426 0.017607 0.785321
3.842137 13.08227 0.5233622 7.178249 -0.024268 0.622645 0.018254 0.781915
3.945774 13.86203 0.5631455 7.35029 -0.02606 0.627138 0.018752 0.778246
4.049501 14.64994 0.60349 7.512325 -0.028081 0.631916 0.01999 0.77427
4.15325 15.44431 0.6443426 7.663696 -0.029174 0.63697 0.020574 0.770062
4.257002 16.24124 0.6849788 7.803818 -0.029364 0.642448 0.020746 0.765485
4.360751 17.04599 0.7272439 7.933466 -0.029246 0.64802 0.020108 0.760796
4.464541 17.85699 0.7679911 8.048258 -0.028811 0.654317 0.019711 0.755414
4.568398 18.67273 0.8064539 8.147356 -0.028785 0.662034 0.018529 0.748692
4.672274 19.49576 0.8456493 8.22821 -0.029576 0.671515 0.016811 0.74021
4.776128 20.32201 0.8850078 8.284769 -0.030572 0.682575 0.015471 0.730012
4.880125 21.15627 0.9232781 8.311045 -0.031069 0.694544 0.014431 0.718634
4.984148 21.99272 0.958563 8.306307 -0.031092 0.706774 0.013888 0.706619
5.088126 22.83006 0.9929263 8.271717 -0.030499 0.718694 0.013418 0.694528
5.192023 23.6683 1.025646 8.211107 -0.029905 0.730031 0.012207 0.68265
5.295877 24.50483 1.05628 8.124873 -0.029498 0.741041 0.01044 0.670731
5.399752 25.33863 1.084175 8.006449 -0.026944 0.751906 0.009801 0.658647
5.503628 26.16891 1.109162 7.855574 -0.022973 0.762345 0.009854 0.646688
5.6074 26.99155 1.128261 7.679836 -0.018538 0.772268 0.009638 0.634954
5.711251 27.81161 1.143099 7.478533 -0.014652 0.781528 0.010086 0.623616
5.815003 28.63097 1.152061 7.246691 -0.010011 0.790427 0.011113 0.612374
5.918752 29.43803 1.152695 6.997717 -0.005096 0.798714 0.009953 0.601608
6.022375 30.23007 1.146023 6.731675 0.001207 0.806688 0.005556 0.59095
6.126131 31.01165 1.131823 6.452447 0.007057 0.814358 -0.001357 0.580318
6.229773 31.78304 1.108614 6.157692 0.011721 0.82199 -0.008225 0.569322
6.333503 32.55086 1.070947 5.836955 0.015855 0.829451 -0.011636 0.558234
6.437129 33.31009 1.026378 5.495463 0.017826 0.836516 -0.012412 0.547512
6.54088 34.06148 0.9790894 5.135804 0.018573 0.84324 -0.010975 0.537105
6.644505 34.8041 0.9319901 4.758144 0.018307 0.849283 -0.007608 0.527565
6.748254 35.5321 0.8869767 4.363872 0.019395 0.854594 -0.003367 0.518923
6.851878 36.24909 0.8426907 3.963231 0.020974 0.858656 -0.002283 0.512118
6.955504 36.95412 0.80255 3.562206 0.022672 0.861914 -0.002388 0.506542
7.059005 37.64822 0.7630243 3.157985 0.0241 0.864784 -0.003034 0.501557
7.162754 38.33941 0.7189929 2.756405 0.022395 0.867823 -0.005918 0.496333
7.266377 39.02884 0.6757535 2.346023 0.020889 0.871153 -0.005838 0.490533
7.37013 39.70737 0.634835 1.915654 0.022168 0.873661 -0.005576 0.485997
7.473752 40.387 0.5915961 1.476584 0.024123 0.875698 -0.005459 0.482225
7.577401 41.07846 0.5487043 1.032647 0.025296 0.876826 -0.006807 0.480094
7.681003 41.78415 0.5077496 0.5810905 0.025822 0.876773 -0.007836 0.480146
7.784655 42.50745 0.4621972 0.1215434 0.026582 0.875877 -0.007105 0.481749
7.888275 43.25224 0.4157685 -0.3378365 0.025643 0.874277 -0.007011 0.484698
7.991881 44.01652 0.3696084 -0.7952287 0.024809 0.872342 -0.007477 0.488209
8.095633 44.79847 0.3229204 -1.255569 0.024217 0.870335 -0.007993 0.4918
8.199389 45.59797 0.2752422 -1.718077 0.023023 0.868543 -0.008542 0.495005
8.30313 46.41671 0.2251199 -2.182613 0.021285 0.867247 -0.009612 0.49733
8.407006 47.25344 0.1721279 -2.652713 0.019078 0.866801 -0.010353 0.498182
8.510755 48.10244 0.1191937 -3.13258 0.017373 0.866926 -0.010633 0.49802
8.614628 48.96156 0.06614438 -3.62261 0.016493 0.867233 -0.010667 0.497515
8.718382 49.82913 0.01543395 -4.119797 0.016292 0.867362 -0.0104 0.497301
8.822133 50.70986 -0.03397462 -4.626524 0.016042 0.867424 -0.010029 0.49721
8.925883 51.60092 -0.08461152 -5.138527 0.015941 0.867435 -0.009665 0.497201
9.029629 52.4966 -0.1359794 -5.654198 0.0157 0.867459 -0.009567 0.497169
9.133505 53.39938 -0.1889423 -6.17036 0.014781 0.867527 -0.009621 0.497077
9.237279 54.29898 -0.2428121 -6.686856 0.014346 0.867521 -0.009371 0.497105
9.341007 55.1975 -0.2987033 -7.201418 0.013824 0.867365 -0.009649 0.497386
9.444755 56.09471 -0.3531245 -7.714224 0.013265 0.867038 -0.009155 0.497981
9.548508 56.99227 -0.4067709 -8.225644 0.012762 0.866462 -0.00782 0.499018
9.652155 57.88905 -0.4587551 -8.733355 0.012425 0.865774 -0.006873 0.500233
9.755883 58.78294 -0.5090484 -9.236703 0.012391 0.865107 -0.006528 0.501391
9.85963 59.67603 -0.5592501 -9.738335 0.012743 0.86448 -0.006462 0.502465
9.963509 60.5683 -0.6093983 -10.23718 0.012799 0.864223 -0.0067 0.502902
10.06727 61.45389 -0.6617839 -10.73111 0.013019 0.864366 -0.00768 0.502635
10.17113 62.33532 -0.7144474 -11.22461 0.013116 0.865173 -0.009204 0.501218
10.27501 63.20903 -0.7673912 -11.72056 0.012958 0.866431 -0.010106 0.499026
10.37888 64.07973 -0.8195839 -12.22485 0.012761 0.868006 -0.009271 0.496303
10.48276 64.94007 -0.8749911 -12.73747 0.012396 0.869605 -0.007276 0.493539
10.58651 65.79473 -0.9282033 -13.24559 0.011025 0.871097 -0.007493 0.490929
10.69039 66.6375 -0.9805354 -13.75919 0.012438 0.8725 -0.007891 0.488392
10.79413 67.47269 -1.033058 -14.27378 0.013223 0.873859 -0.009038 0.485916
10.89801 68.30616 -1.087156 -14.78945 0.012713 0.875247 -0.009908 0.483407
11.00175 69.13168 -1.141061 -15.30806 0.012544 0.876317 -0.01067 0.481453
11.10539 69.95241 -1.192211 -15.83039 0.012487 0.877254 -0.009889 0.479761
11.20913 70.77487 -1.238526 -16.35928 0.01115 0.877998 -0.006255 0.478494
11.31289 71.59496 -1.282215 -16.88675 0.008494 0.878623 -0.001713 0.477438
11.41663 72.40886 -1.318045 -17.41131 0.006998 0.879126 0.000375 0.476537
11.52039 73.20718 -1.35273 -17.93042 0.009478 0.879424 -0.002926 0.475935
11.62401 73.99928 -1.391231 -18.45101 0.011672 0.879703 -0.005154 0.475353
11.7278 74.79183 -1.430026 -18.97578 0.014553 0.879831 -0.004654 0.47504
11.83151 75.58518 -1.475622 -19.50011 0.015692 0.879765 -0.002952 0.47514
11.93526 76.3816 -1.517748 -20.01769 0.014664 0.879615 -0.001879 0.475456
12.03893 77.17766 -1.553839 -20.53358 0.013211 0.879414 -0.000182 0.475874
12.14264 77.9762 -1.590768 -21.04565 0.010479 0.879192 0.001731 0.476349
12.24638 78.77335 -1.622926 -21.54511 0.006165 0.879064 0.000815 0.476663
12.35015 79.57091 -1.647452 -22.04329 0.002888 0.878654 -0.000773 0.47745
12.45388 80.35975 -1.672576 -22.55003 0.003435 0.878087 0.000568 0.478488
12.55763 81.14486 -1.699977 -23.05551 0.005349 0.8772 0.001454 0.480094
12.66139 81.93166 -1.723704 -23.55204 0.007341 0.875767 0.000367 0.482678
12.76505 82.7216 -1.744715 -24.04556 0.009772 0.873566 0.001969 0.486604
12.86876 83.51715 -1.770218 -24.53507 0.012261 0.871227 0.004584 0.490705
12.9724 84.31881 -1.788533 -25.0028 0.012021 0.868415 0.003672 0.495679
13.07617 85.13089 -1.805753 -25.45724 0.010837 0.865288 0.003581 0.501145
13.17993 85.94484 -1.822552 -25.90591 0.009764 0.861927 0.005221 0.506911
13.28368 86.75945 -1.839846 -26.33928 0.009286 0.858674 0.005751 0.512406
13.38743 87.58352 -1.85177 -26.76347 0.009366 0.855208 0.006363 0.518161
13.49113 88.40537 -1.869075 -27.17759 0.010439 0.851682 0.006855 0.52391
13.59489 89.23085 -1.893883 -27.57508 0.010983 0.848111 0.005273 0.529678
13.69876 90.05203 -1.91775 -27.96252 0.015307 0.844638 0.001862 0.535116
13.80249 90.88071 -1.943851 -28.33927 0.017073 0.840882 -0.000466 0.540949
13.90626 91.72222 -1.977509 -28.70201 0.015396 0.837408 0.000556 0.546361
14.01003 92.56728 -2.01159 -29.05556 0.013913 0.833831 0.00178 0.551842
14.1138 93.40903 -2.04625 -29.39508 0.013295 0.830835 0.00011 0.55636
14.21764 94.24877 -2.082058 -29.72193 0.013186 0.828638 -0.003406 0.559619
14.32153 95.09156 -2.119871 -30.04218 0.013149 0.827097 -0.008392 0.561843
14.42539 95.93682 -2.16316 -30.36357 0.012867 0.826005 -0.010453 0.563418
14.52926 96.78367 -2.209948 -30.6831 0.012152 0.824872 -0.011166 0.565078
14.63312 97.62797 -2.254489 -30.99995 0.012399 0.823394 -0.011085 0.567226
14.73691 98.47826 -2.300639 -31.31096 0.010823 0.82168 -0.010538 0.569748
14.84076 99.33337 -2.34789 -31.61656 0.009099 0.820091 -0.00893 0.572091
14.94451 100.1848 -2.394151 -31.91408 0.008043 0.81834 -0.00813 0.574621
15.04826 101.0383 -2.436801 -32.19559 0.005149 0.816564 -0.010595 0.577135
15.15201 101.8913 -2.479664 -32.46899 0.002828 0.814652 -0.014126 0.579771
15.25576 102.7387 -2.524306 -32.74622 0.004055 0.812563 -0.014889 0.58267
15.35953 103.5885 -2.567807 -33.02355 0.006191 0.810342 -0.015288 0.585725
15.46328 104.4455 -2.610933 -33.28918 0.005453 0.808303 -0.014911 0.588553
15.56714 105.3065 -2.657199 -33.55357 0.003588 0.806214 -0.013021 0.591469
15.67089 106.1709 -2.704158 -33.80988 0.002198 0.804027 -0.012182 0.594464
15.77464 107.0286 -2.745462 -34.05765 0.002687 0.801986 -0.014073 0.59717
15.87839 107.8896 -2.790316 -34.29846 0.003519 0.800001 -0.015145 0.599798
15.98216 108.7523 -2.835895 -34.53399 0.003666 0.797873 -0.016283 0.602595
16.08605 109.6205 -2.88283 -34.76364 0.002965 0.795735 -0.015933 0.605428
16.18976 110.487 -2.928512 -34.99323 0.004074 0.793254 -0.014555 0.608703
16.29351 111.3535 -2.97359 -35.21847 0.005496 0.790805 -0.01332 0.611898
16.39726 112.2223 -3.017837 -35.43239 0.006173 0.788699 -0.012738 0.614616
16.50103 113.0945 -3.06272 -35.63108 0.004106 0.786569 -0.014659 0.617314
16.60476 113.9689 -3.10652 -35.82432 0.002326 0.784703 -0.015509 0.619674
16.70864 114.8418 -3.150123 -36.02323 0.00285 0.783198 -0.014429 0.621599
16.81239 115.7147 -3.193868 -36.21819 0.003391 0.781685 -0.013789 0.623512
16.91616 116.5857 -3.239438 -36.40785 0.004426 0.780189 -0.014458 0.625361
17.02001 117.4624 -3.279199 -36.60169 0.00577 0.778351 -0.011502 0.627697
17.12376 118.3368 -3.318375 -36.7945 0.007704 0.776669 -0.008145 0.62981
17.22752 119.2101 -3.361858 -36.97484 0.008146 0.775078 -0.006651 0.631778
17.33141 120.085 -3.401094 -37.14466 0.008378 0.7737 -0.008032 0.633446
17.43514 120.9561 -3.438516 -37.31126 0.008563 0.77251 -0.009275 0.634877
17.53904 121.8304 -3.481415 -37.4746 0.007352 0.771896 -0.009919 0.635629
17.64289 122.7039 -3.521474 -37.63878 0.006727 0.771614 -0.009604 0.635983
17.74664 123.5754 -3.558368 -37.80867 0.006347 0.771257 -0.007549 0.636448
17.85054 124.4524 -3.5961 -37.97627 0.004132 0.770918 -0.005621 0.636896
17.95427 125.3205 -3.63106 -38.14146 0.003035 0.770667 -0.004645 0.637214
18.05814 126.1781 -3.664261 -38.30594 0.004897 0.770185 -0.006496 0.637768
18.16189 127.0337 -3.697685 -38.46973 0.006371 0.770147 -0.00809 0.637783
18.26577 127.8916 -3.731608 -38.62938 0.005059 0.770195 -0.008821 0.637728
18.36958 128.749 -3.773125 -38.78916 0.004406 0.769982 -0.009245 0.637983
18.47338 129.6019 -3.812511 -38.95463 0.005032 0.76986 -0.007885 0.638144
18.57716 130.4485 -3.847217 -39.11538 0.006149 0.769496 -0.009041 0.638558
18.68099 131.2944 -3.890191 -39.25481 0.004023 0.769542 -0.012898 0.638454
18.78486 132.1343 -3.932338 -39.39553 0.002111 0.769434 -0.015782 0.638528
18.88852 132.9698 -3.974607 -39.54593 0.004155 0.769256 -0.016378 0.638717
18.99237 133.8003 -4.018902 -39.69762 0.00478 0.769144 -0.015892 0.638861
19.09604 134.6231 -4.063364 -39.84431 0.005148 0.768567 -0.016822 0.639528
19.19989 135.4495 -4.105477 -39.99979 0.007243 0.768032 -0.013544 0.640227
19.30352 136.2673 -4.146973 -40.15282 0.008433 0.766914 -0.010105 0.641615
19.40739 137.0908 -4.188573 -40.30057 0.007786 0.766304 -0.006306 0.6424
19.51115 137.9023 -4.226372 -40.4378 0.008116 0.76513 -0.005769 0.643798
19.61477 138.7057 -4.266655 -40.57118 0.010382 0.763419 -0.006786 0.645784
19.71839 139.506 -4.303913 -40.69614 0.011483 0.761379 -0.007657 0.64816
19.82214 140.3054 -4.337506 -40.81224 0.012628 0.758594 -0.008159 0.65139
19.92567 141.1082 -4.377901 -40.91861 0.011339 0.755447 -0.005787 0.655086
20.02941 141.9062 -4.419464 -41.01862 0.011961 0.751521 -0.00355 0.659591
20.13289 142.6964 -4.456348 -41.10993 0.014659 0.746926 -0.002806 0.66474
20.23664 143.4862 -4.491871 -41.18413 0.015037 0.742119 -0.003327 0.670091
20.34039 144.276 -4.52788 -41.24845 0.015717 0.737406 -0.002605 0.675262
20.44402 145.055 -4.567642 -41.30354 0.016918 0.732722 -0.002881 0.680311
20.54777 145.8274 -4.612403 -41.34484 0.017905 0.728014 -0.00576 0.685305
20.65152 146.5903 -4.657895 -41.36686 0.019201 0.723542 -0.011547 0.689916
20.75527 147.3502 -4.704613 -41.38182 0.020773 0.71873 -0.015893 0.694797
20.85914 148.1169 -4.754981 -41.39015 0.021291 0.713958 -0.016642 0.699667
20.96289 148.8864 -4.810016 -41.38452 0.018678 0.709799 -0.016346 0.703967
21.06677 149.6472 -4.866196 -41.36492 0.016012 0.705975 -0.016629 0.707861
21.17064 150.3945 -4.92257 -41.33785 0.016979 0.702595 -0.019963 0.711107
21.27452 151.1367 -4.975189 -41.30745 0.019161 0.70003 -0.023787 0.71346
21.37853 151.8836 -5.025972 -41.27171 0.019208 0.698725 -0.026251 0.714651
21.48252 152.6403 -5.085267 -41.24316 0.017279 0.698744 -0.025684 0.714702
21.5864 153.3945 -5.150084 -41.21665 0.014216 0.699405 -0.024564 0.714161
21.69042 154.1484 -5.204637 -41.19287 0.013743 0.700491 -0.023068 0.713156
21.79428 154.8963 -5.253941 -41.17199 0.01478 0.701493 -0.02234 0.712173
21.89827 155.6412 -5.309298 -41.15767 0.015325 0.702774 -0.022035 0.710907
22.00215 156.3926 -5.366278 -41.13867 0.013996 0.704511 -0.021667 0.709224
22.10615 157.1395 -5.416962 -41.12929 0.014465 0.706337 -0.022096 0.707383
22.21007 157.8857 -5.470893 -41.12225 0.013265 0.708454 -0.021909 0.705292
22.3139 158.6302 -5.52808 -41.12149 0.012389 0.710613 -0.020113 0.703187
22.41777 159.3643 -5.577823 -41.12304 0.01268 0.712424 -0.020506 0.701335
22.52152 160.0952 -5.628365 -41.12638 0.012506 0.714308 -0.021499 0.699389
22.6254 160.8215 -5.683305 -41.13308 0.012869 0.715739 -0.022552 0.697885
22.72917 161.5415 -5.738588 -41.14341 0.013446 0.71663 -0.023329 0.696934
22.8329 162.2559 -5.787286 -41.1591 0.015117 0.717237 -0.023103 0.696282
22.93652 162.9748 -5.840496 -41.17304 0.015921 0.717107 -0.02141 0.696452
23.04014 163.6911 -5.89541 -41.18458 0.015385 0.715852 -0.01903 0.697824
23.14377 164.3994 -5.950404 -41.18595 0.015523 0.713363 -0.018316 0.700383
23.24742 165.0989 -6.001598 -41.18391 0.017021 0.709506 -0.017608 0.704273
23.35102 165.7946 -6.048437 -41.16984 0.018137 0.704389 -0.016596 0.709388
23.45465 166.4858 -6.093238 -41.13991 0.017518 0.698945 -0.015992 0.714782
23.55827 167.1705 -6.137223 -41.09075 0.013881 0.693209 -0.015903 0.720428
23.66202 167.853 -6.181673 -41.03668 0.011301 0.687276 -0.013891 0.726176
23.76565 168.5301 -6.221562 -40.9753 0.008698 0.681106 -0.011502 0.732043
23.8694 169.2001 -6.257878 -40.90154 0.005929 0.674634 -0.008865 0.738075
23.97302 169.8614 -6.291791 -40.8143 0.002918 0.668199 -0.007506 0.743939
24.07678 170.5106 -6.321698 -40.71802 0.001574 0.661506 -0.006776 0.749908
24.18054 171.1577 -6.345942 -40.61474 0.002035 0.654621 -0.005684 0.755933
24.28416 171.7857 -6.364809 -40.49872 0.001228 0.647923 -0.005855 0.761682
24.3879 172.4136 -6.383917 -40.36841 -0.000445 0.641624 -0.007071 0.766987
24.49165 173.035 -6.398487 -40.23437 -0.003108 0.635973 -0.006622 0.771676
24.5954 173.6569 -6.414475 -40.10085 -0.00343 0.631105 -0.004438 0.775677
24.69927 174.272 -6.429852 -39.96162 -0.002743 0.626742 -0.002959 0.779216
24.80311 174.8735 -6.445461 -39.80478 -0.003141 0.622754 -0.005442 0.782393
24.90678 175.4661 -6.46203 -39.64344 -0.00245 0.61917 -0.009113 0.7852
25.01054 176.0534 -6.47678 -39.48936 0.001805 0.6154 -0.012084 0.78812
25.11427 176.6443 -6.491511 -39.33728 0.006554 0.611945 -0.012388 0.790776
25.21804 177.2384 -6.503706 -39.1767 0.006765 0.609226 -0.011494 0.792885
25.32177 177.8409 -6.523425 -38.99819 0.002587 0.606828 -0.010153 0.794764
25.42552 178.4457 -6.542753 -38.81772 -0.003154 0.605091 -0.007956 0.79611
25.52939 179.0512 -6.563672 -38.63782 -0.007827 0.604222 -0.005799 0.796757
25.63321 179.6497 -6.577018 -38.46824 -0.00663 0.603803 -0.004172 0.797095
25.73702 180.2453 -6.587494 -38.2985 -0.004076 0.603245 -0.00393 0.797536
25.8408 180.8424 -6.589823 -38.13009 -0.002794 0.60258 -0.002524 0.79805
25.94452 181.4417 -6.592495 -37.95387 -0.004267 0.601863 -0.00289 0.798582
26.04815 182.0434 -6.599489 -37.77364 -0.005849 0.600769 -0.001592 0.7994
26.1519 182.6545 -6.610135 -37.58509 -0.008084 0.599466 0.000151 0.80036
26.25554 183.2678 -6.618163 -37.39323 -0.008934 0.597723 0.001566 0.801651
26.35915 183.8831 -6.622539 -37.19587 -0.008818 0.595147 0.002701 0.803564
26.4628 184.4992 -6.624971 -36.9942 -0.009332 0.591779 0.004282 0.806035
26.56661 185.1118 -6.625315 -36.78729 -0.009292 0.587748 0.005642 0.808971
26.67029 185.7206 -6.626474 -36.56856 -0.009115 0.583011 0.004796 0.812399
26.7739 186.3264 -6.629118 -36.33625 -0.008242 0.578064 0.003153 0.815944
26.87767 186.9372 -6.630873 -36.09759 -0.007144 0.573055 0.001783 0.819483
26.98128 187.5555 -6.636302 -35.84729 -0.006387 0.567917 0.001883 0.823059
27.08502 188.1796 -6.641727 -35.58666 -0.007285 0.562874 0.003157 0.826505
27.18879 188.7952 -6.647005 -35.31167 -0.008725 0.557965 0.003168 0.829813
27.29253 189.4089 -6.647317 -35.03211 -0.00957 0.552835 0.003061 0.83323
27.39627 190.0333 -6.646563 -34.74499 -0.012195 0.548472 0.002192 0.836077
27.50002 190.6582 -6.645353 -34.45351 -0.013037 0.545162 0.000743 0.838229
27.6039 191.2983 -6.646441 -34.15828 -0.014628 0.54313 0.001264 0.83952
27.70778 191.9509 -6.64243 -33.86698 -0.01557 0.54196 0.003408 0.840253
27.81165 192.5985 -6.636461 -33.57701 -0.012772 0.541832 0.004168 0.840379
27.91552 193.2543 -6.629339 -33.28043 -0.012332 0.54238 0.004598 0.84003
28.0194 193.9224 -6.624605 -32.98431 -0.01019 0.542723 0.005312 0.839833
28.12328 194.6076 -6.620022 -32.68987 -0.008867 0.542795 0.006869 0.83979
28.22715 195.2935 -6.613679 -32.39218 -0.010373 0.543055 0.00978 0.839576
28.3309 195.9819 -6.607632 -32.09196 -0.011414 0.543525 0.01085 0.839245
28.43477 196.6689 -6.601884 -31.78881 -0.012566 0.544252 0.011566 0.838748
28.53865 197.3577 -6.590085 -31.4845 -0.012821 0.544875 0.011712 0.838337
28.64242 198.0447 -6.577998 -31.17947 -0.013454 0.545773 0.011277 0.837749
28.74615 198.7286 -6.568027 -30.8781 -0.013485 0.546573 0.010805 0.837233
28.8499 199.4136 -6.558335 -30.57849 -0.01189 0.54716 0.010061 0.836883
28.9538 200.0964 -6.544179 -30.28273 -0.008738 0.54752 0.008505 0.836703
29.05752 200.7784 -6.530959 -29.98209 -0.008068 0.547988 0.00666 0.83642
29.16127 201.4645 -6.520036 -29.67879 -0.009866 0.548662 0.007017 0.835956
29.2649 202.149 -6.508843 -29.37762 -0.012309 0.549166 0.007391 0.83559
29.36865 202.8328 -6.500732 -29.07468 -0.013969 0.550251 0.0063 0.834859
29.47253 203.5186 -6.489796 -28.7761 -0.015046 0.552394 0.005235 0.833431
29.5763 204.2052 -6.476282 -28.49044 -0.015133 0.55525 0.005775 0.831526
29.68017 204.8965 -6.466747 -28.21234 -0.015321 0.559157 0.005852 0.8289
29.7839 205.5855 -6.460876 -27.94682 -0.014127 0.563549 0.006315 0.825938
29.88778 206.2804 -6.457291 -27.68336 -0.012618 0.568192 0.005365 0.822782
29.99166 206.9776 -6.45162 -27.42532 -0.013353 0.573256 0.004179 0.819257
30.09553 207.6847 -6.442866 -27.18172 -0.015041 0.577993 0.007808 0.815866
30.19928 208.3951 -6.431564 -26.9494 -0.01683 0.581641 0.012345 0.813178
30.30305 209.0997 -6.412693 -26.71654 -0.01871 0.5847 0.014384 0.810906
30.40678 209.804 -6.390837 -26.47707 -0.021531 0.586716 0.012957 0.809403
30.5104 210.5114 -6.368113 -26.24826 -0.022177 0.587747 0.013739 0.808624
30.61403 211.2267 -6.344077 -26.01616 -0.021972 0.588445 0.014357 0.808111
30.71778 211.9378 -6.316282 -25.78235 -0.021265 0.588885 0.013923 0.807817
30.82141 212.6531 -6.288388 -25.54273 -0.021552 0.589096 0.012112 0.807685
30.92516 213.3746 -6.266484 -25.30655 -0.022346 0.588903 0.012144 0.807804
31.02878 214.0992 -6.250693 -25.07414 -0.023092 0.588147 0.012259 0.808331
31.13253 214.826 -6.23395 -24.84157 -0.023278 0.587555 0.013256 0.808741
31.2363 215.5565 -6.215613 -24.61008 -0.022221 0.586881 0.014684 0.809235
31.34005 216.292 -6.192151 -24.36727 -0.022304 0.585571 0.015426 0.810168
31.44365 217.0259 -6.170889 -24.11545 -0.023494 0.583735 0.015671 0.811453
31.54741 217.7641 -6.141465 -23.85283 -0.026275 0.58157 0.0162 0.812911
31.65103 218.4996 -6.107629 -23.58866 -0.028225 0.579291 0.017085 0.814453
31.75479 219.2373 -6.076588 -23.31785 -0.028659 0.577374 0.016958 0.8158
31.85853 219.973 -6.048783 -23.03739 -0.029903 0.575514 0.013882 0.817127
31.96228 220.7081 -6.01095 -22.75294 -0.028591 0.573546 0.010744 0.818604
32.06603 221.4455 -5.97857 -22.46604 -0.028832 0.57157 0.008489 0.820003
32.16965 222.1872 -5.953439 -22.17504 -0.030065 0.569589 0.007828 0.821343
32.27341 222.9246 -5.925935 -21.88097 -0.030286 0.567836 0.006685 0.822557
32.37715 223.6673 -5.900824 -21.58401 -0.029166 0.566065 0.005723 0.823824
32.48091 224.411 -5.878524 -21.28566 -0.029011 0.564029 0.005566 0.825227
32.58453 225.1519 -5.852608 -20.98574 -0.029869 0.561991 0.006046 0.826582
32.68828 225.8876 -5.821468 -20.6876 -0.028624 0.560057 0.007262 0.827927
32.7919 226.6172 -5.786416 -20.38914 -0.02724 0.55812 0.0082 0.829272
32.89566 227.3444 -5.748608 -20.08115 -0.02627 0.556251 0.007328 0.830567
32.99941 228.072 -5.713135 -19.76164 -0.028692 0.554331 0.006089 0.831779
33.10317 228.7943 -5.670054 -19.44196 -0.030426 0.552239 0.00525 0.833114
33.20678 229.5083 -5.635042 -19.1299 -0.028508 0.550423 0.005266 0.834383
33.31053 230.2202 -5.598456 -18.81336 -0.025031 0.548613 0.003746 0.835693
33.41428 230.9318 -5.563405 -18.48487 -0.024614 0.547133 7.7e-05 0.836684
33.51817 231.6515 -5.531661 -18.14959 -0.027818 0.545741 -0.001934 0.83749
33.62178 232.3801 -5.500836 -17.81958 -0.032519 0.544513 0.00105 0.838121
33.72553 233.1128 -5.462204 -17.49136 -0.036215 0.543616 0.005872 0.838532
33.82928 233.8426 -5.421735 -17.15509 -0.040368 0.542839 0.008119 0.838827
33.93305 234.5679 -5.383327 -16.81799 -0.042674 0.541864 0.008309 0.839341
34.03666 235.2837 -5.338707 -16.48612 -0.040367 0.540601 0.007301 0.840278
34.14041 235.9993 -5.291877 -16.15219 -0.037008 0.538699 0.005889 0.841664
34.24403 236.713 -5.248129 -15.80991 -0.034951 0.536734 0.00466 0.843015
34.34778 237.4264 -5.210063 -15.46516 -0.033444 0.534786 0.004526 0.844314
34.45153 238.1367 -5.166998 -15.11758 -0.032175 0.53288 0.004022 0.845569
34.55516 238.8518 -5.126556 -14.76521 -0.032043 0.531055 0.004988 0.846716
34.65891 239.5718 -5.089701 -14.40661 -0.034162 0.529431 0.006591 0.84764
34.76253 240.2931 -5.054711 -14.04673 -0.035919 0.527996 0.008885 0.848441
34.86628 241.017 -5.014917 -13.68347 -0.037728 0.526769 0.011076 0.849098
34.97003 241.7404 -4.967915 -13.31751 -0.039423 0.525803 0.01327 0.849589
35.07391 242.4684 -4.919889 -12.94865 -0.041959 0.525019 0.015694 0.849911
35.17756 243.1894 -4.866153 -12.57871 -0.042674 0.524185 0.016103 0.850382
35.28128 243.8927 -4.820597 -12.20269 -0.041693 0.523468 0.010526 0.850959
35.38505 244.598 -4.768203 -11.83273 -0.036478 0.523121 0.005905 0.851457
35.48866 245.3039 -4.715412 -11.46869 -0.0318 0.52273 0.003187 0.851899
35.59241 246.0241 -4.666974 -11.09793 -0.032859 0.522748 0.003938 0.851845
35.69616 246.7476 -4.628331 -10.72107 -0.036362 0.522634 0.005366 0.851765
35.79978 247.4682 -4.585009 -10.34967 -0.036419 0.521955 0.006402 0.852171
35.90353 248.1891 -4.542905 -9.979828 -0.034896 0.521465 0.007253 0.852528
36.00718 248.9165 -4.506301 -9.608053 -0.033469 0.520781 0.009013 0.852986
36.11091 249.6451 -4.465693 -9.231011 -0.03564 0.520038 0.010555 0.853334
36.21453 250.3674 -4.419715 -8.851415 -0.0379 0.51954 0.010809 0.853536
36.31829 251.0879 -4.37133 -8.470395 -0.037875 0.519043 0.010033 0.853849
36.42204 251.8063 -4.325524 -8.090111 -0.035936 0.518483 0.009452 0.85428
36.52578 252.5224 -4.275557 -7.707069 -0.034576 0.517748 0.008892 0.854788
36.62953 253.2425 -4.220724 -7.32554 -0.034461 0.516839 0.010698 0.855322
36.73328 253.9607 -4.161421 -6.93893 -0.036018 0.515173 0.011737 0.856249
36.83704 254.6779 -4.110352 -6.545579 -0.036802 0.513399 0.012416 0.85727
36.94079 255.3919 -4.048806 -6.152612 -0.036083 0.511322 0.013277 0.858529
37.04454 256.1011 -3.990384 -5.755645 -0.035588 0.509289 0.012539 0.859768
37.14829 256.8048 -3.930085 -5.350577 -0.035925 0.507357 0.00994 0.860929
37.25204 257.5076 -3.878397 -4.948904 -0.033663 0.504873 0.008777 0.862492
37.35566 258.215 -3.826391 -4.543629 -0.031485 0.501256 0.010017 0.864668
37.45941 258.9184 -3.77989 -4.128435 -0.029923 0.496962 0.011419 0.867181
37.56303 259.6187 -3.733326 -3.705256 -0.028954 0.491918 0.01394 0.870048
37.66666 260.3076 -3.683134 -3.272954 -0.027952 0.485501 0.014949 0.873661
37.77028 260.9917 -3.633918 -2.820165 -0.02895 0.478702 0.015162 0.877369
37.87404 261.6731 -3.580981 -2.357593 -0.030506 0.471813 0.01689 0.881009
37.97779 262.3444 -3.531769 -1.883065 -0.033199 0.465056 0.017294 0.88449
38.08153 263.0049 -3.480155 -1.397703 -0.034437 0.459297 0.015359 0.887482
38.18528 263.6556 -3.427591 -0.9077904 -0.034506 0.454556 0.012274 0.889965
38.28916 264.3027 -3.373096 -0.4142628 -0.03454 0.45119 0.009325 0.891711
38.39316 264.9518 -3.320578 0.08421701 -0.035715 0.450142 0.006681 0.892218
38.49716 265.6004 -3.277874 0.581562 -0.036584 0.451526 0.00266 0.891504
38.60116 266.2521 -3.231419 1.068534 -0.036732 0.455338 -0.001592 0.889559
38.70516 266.9119 -3.186902 1.539702 -0.035283 0.460315 -0.004219 0.887044
38.80929 267.583 -3.138958 1.995215 -0.032734 0.466021 -0.002556 0.884164
38.91329 268.2659 -3.095292 2.447327 -0.033532 0.47127 -0.00091 0.881351
39.01716 268.9438 -3.057266 2.900508 -0.035094 0.476449 -0.002433 0.878498
39.12116 269.6322 -3.014796 3.337088 -0.035161 0.48139 -0.001203 0.8758
39.22504 270.3249 -2.97191 3.759467 -0.032776 0.485619 0.000309 0.873556
39.32891 271.0177 -2.933541 4.1802 -0.030991 0.490203 0.001014 0.871057
39.43266 271.7172 -2.897192 4.604376 -0.031118 0.493991 -0.000362 0.86891
39.53641 272.4197 -2.857745 5.02229 -0.032282 0.497242 -0.000937 0.867011
39.64016 273.1286 -2.814492 5.441538 -0.035429 0.499841 -0.000957 0.865392
39.74382 273.8426 -2.772449 5.855792 -0.038226 0.502351 -0.000218 0.863819
39.84756 274.5609 -2.721918 6.266911 -0.040434 0.504411 0.001276 0.862515
39.95129 275.2745 -2.673153 6.675117 -0.040401 0.505844 -0.000654 0.861678
40.05504 275.9847 -2.628431 7.082604 -0.038295 0.507092 -0.005289 0.861024
40.15866 276.6939 -2.585559 7.483336 -0.033287 0.507857 -0.009388 0.860747
40.26242 277.4117 -2.538301 7.884799 -0.029856 0.508539 -0.01098 0.860451
40.36616 278.1377 -2.495085 8.291747 -0.030164 0.509195 -0.011894 0.86004
40.46991 278.8724 -2.463622 8.703796 -0.032934 0.509692 -0.011534 0.859649
40.57354 279.6088 -2.427851 9.109342 -0.033247 0.509742 -0.010112 0.859625
40.67728 280.3533 -2.39297 9.516225 -0.033095 0.509376 -0.008023 0.85987
40.78104 281.0976 -2.361052 9.935075 -0.034246 0.50856 -0.007064 0.860316
40.88479 281.8429 -2.32755 10.35908 -0.034714 0.506894 -0.006303 0.861286
40.98841 282.5899 -2.29319 10.7858 -0.034325 0.50483 -0.006321 0.862513
41.09217 283.3375 -2.259848 11.21977 -0.034732 0.502953 -0.006405 0.863592
41.19579 284.0848 -2.234216 11.66325 -0.035746 0.501183 -0.007985 0.864566
41.29942 284.8272 -2.201768 12.10499 -0.035238 0.499103 -0.008903 0.86578
41.40316 285.5784 -2.174731 12.54485 -0.032226 0.496897 -0.007757 0.867176
41.50679 286.3278 -2.157485 12.98766 -0.029962 0.494271 -0.007797 0.868756
41.61054 287.0798 -2.141208 13.44201 -0.028537 0.490974 -0.007733 0.870673
41.71417 287.8316 -2.116997 13.91153 -0.029489 0.487056 -0.007275 0.872842
41.81792 288.581 -2.092276 14.3951 -0.032787 0.483489 -0.00732 0.874706
41.92154 289.3351 -2.064174 14.88867 -0.036282 0.479899 -0.006914 0.876546
42.0253 290.0887 -2.028438 15.39635 -0.040405 0.476227 -0.006697 0.878368
42.12892 290.8382 -1.994986 15.90519 -0.042323 0.472581 -0.006675 0.880245
42.23267 291.5808 -1.953998 16.41665 -0.04123 0.468547 -0.007224 0.882446
42.33629 292.3119 -1.909983 16.93296 -0.037592 0.464514 -0.00818 0.88473
42.44004 293.0391 -1.864125 17.44383 -0.033741 0.46041 -0.010068 0.887008
42.54379 293.7666 -1.824438 17.95966 -0.029749 0.456702 -0.009601 0.88907
42.64742 294.4939 -1.789217 18.48161 -0.026219 0.452924 -0.008215 0.891126
42.75118 295.2267 -1.755458 19.01274 -0.025207 0.449353 -0.004202 0.892989
42.85479 295.976 -1.733893 19.54372 -0.02613 0.445193 -0.000972 0.895053
42.95854 296.7209 -1.707063 20.09092 -0.028722 0.441062 0.002609 0.897013
43.06229 297.4645 -1.676369 20.6419 -0.029886 0.436975 0.004686 0.898965
43.16606 298.1922 -1.635982 21.21228 -0.031357 0.433368 0.005307 0.900656
43.26979 298.9783 -1.657067 21.80486 -0.032602 0.429581 0.003527 0.902433
43.37356 299.7788 -1.693639 22.41695 -0.034665 0.426052 0.001705 0.904033
43.47733 300.5852 -1.732539 23.02434 -0.034762 0.423456 0.003296 0.905244
43.58104 301.361 -1.74705 23.63381 -0.034663 0.420915 0.00265 0.906434
43.68494 302.1279 -1.749939 24.24501 -0.032448 0.418453 0.002826 0.907654
43.78869 302.8926 -1.762461 24.86059 -0.029591 0.415476 0.002301 0.90912
43.89243 303.6453 -1.757056 25.48753 -0.02983 0.41311 0.00281 0.910188
43.99606 304.394 -1.753708 26.12871 -0.032738 0.410692 0.002061 0.911184
44.09996 305.1332 -1.736061 26.77897 -0.036165 0.408338 0.002365 0.912111
44.20356 305.8703 -1.718076 27.42763 -0.03532 0.405725 0.002494 0.913309
44.3073 306.583 -1.694224 28.07634 -0.033669 0.403179 0.000301 0.914502
44.41104 307.3026 -1.677575 28.73554 -0.031561 0.400572 -0.000748 0.915721
44.51479 308.0194 -1.655528 29.387 -0.029399 0.398038 0.00163 0.916896
44.61854 308.7355 -1.635678 30.04649 -0.029562 0.395452 0.003984 0.918002
44.72233 309.4386 -1.610963 30.7069 -0.028606 0.392758 0.006978 0.919171
44.82616 310.1407 -1.585427 31.37448 -0.027506 0.389618 0.009154 0.92052
44.92979 310.8359 -1.557699 32.04009 -0.026857 0.386878 0.012531 0.921655
45.03354 311.5197 -1.531653 32.71633 -0.027754 0.384245 0.01237 0.922731
45.13734 312.1948 -1.502226 33.39942 -0.028682 0.382163 0.011788 0.923575
45.24104 312.8629 -1.471946 34.07583 -0.027261 0.3795 0.011765 0.924715
45.34481 313.5266 -1.442106 34.76541 -0.027397 0.377041 0.010329 0.925734
45.44854 314.1892 -1.405865 35.44723 -0.027066 0.374517 0.013102 0.926732
45.55229 314.8435 -1.378314 36.13799 -0.028239 0.371363 0.012758 0.92797
45.65617 315.4894 -1.346387 36.8274 -0.026981 0.369118 0.012674 0.928905
45.75992 316.1388 -1.312849 37.51735 -0.026061 0.366369 0.014543 0.929991
45.86367 316.7807 -1.280517 38.21802 -0.028146 0.364263 0.013929 0.930766
45.96742 317.4141 -1.250716 38.92525 -0.030941 0.36249 0.011226 0.931406
46.07129 318.0491 -1.20997 39.6281 -0.031657 0.360591 0.010936 0.932123
46.17505 318.6872 -1.166319 40.32863 -0.033326 0.359342 0.01304 0.93252
46.27879 319.3144 -1.130942 41.02951 -0.034843 0.357972 0.012109 0.933003
46.38267 319.9432 -1.094331 41.72857 -0.031553 0.357046 0.011051 0.933488
46.48654 320.5699 -1.055116 42.42029 -0.027695 0.356565 0.010832 0.933797
46.59042 321.1979 -1.019788 43.11884 -0.027313 0.356888 0.010879 0.933684
46.69417 321.8286 -0.9855898 43.82261 -0.029072 0.357479 0.01083 0.933406
46.79805 322.4645 -0.9469468 44.52778 -0.031208 0.358305 0.011433 0.933013
46.90192 323.1058 -0.9061778 45.23347 -0.032156 0.359897 0.011821 0.932363
47.0058 323.7484 -0.8650478 45.93426 -0.032101 0.362244 0.011433 0.93146
47.10967 324.3921 -0.8250807 46.63318 -0.030907 0.365184 0.008738 0.930381
47.21356 325.0437 -0.7865276 47.32677 -0.029383 0.368605 0.00683 0.929096
47.31742 325.7065 -0.7496238 48.01802 -0.028014 0.372033 0.006871 0.927771
47.42117 326.3766 -0.7157939 48.70917 -0.028635 0.37594 0.006352 0.92618
47.52505 327.0557 -0.6821795 49.39482 -0.028582 0.379807 0.006673 0.9246
47.6288 327.7396 -0.6437965 50.08093 -0.030822 0.383399 0.005734 0.92305
47.73267 328.4377 -0.6002114 50.76531 -0.034223 0.387517 0.006648 0.921203
47.83644 329.1391 -0.5560634 51.44859 -0.038332 0.391659 0.006293 0.91929
47.94017 329.8404 -0.5082701 52.11788 -0.03752 0.395863 0.00458 0.917531
48.04392 330.5487 -0.4610597 52.778 -0.03382 0.399441 0.00277 0.916131
48.14769 331.2668 -0.4174988 53.43409 -0.030965 0.402886 0.002098 0.914724
48.25142 331.9976 -0.3786882 54.08875 -0.030625 0.406281 0.003104 0.913229
48.35505 332.7368 -0.341161 54.74402 -0.031949 0.409438 0.003864 0.91177
48.4588 333.4791 -0.3033084 55.39719 -0.03288 0.41232 0.004049 0.910437
48.56255 334.23 -0.2608018 56.04605 -0.033287 0.41495 0.004828 0.909223
48.66619 334.9826 -0.2177423 56.6961 -0.034223 0.417466 0.004429 0.908037
48.76994 335.7387 -0.1730481 57.3495 -0.035472 0.419987 0.002968 0.906832
48.87355 336.4998 -0.1280985 57.99518 -0.036028 0.42229 0.002038 0.905742
48.9773 337.2672 -0.08432989 58.64049 -0.036454 0.424374 0.001054 0.904752
49.08093 338.0396 -0.03922766 59.28309 -0.03646 0.4265 0.000181 0.903753
49.18467 338.8169 0.00791583 59.92562 -0.036628 0.428563 -0.000965 0.902769
49.28832 339.5995 0.05390482 60.56028 -0.036478 0.430424 -0.000263 0.901889
49.39205 340.389 0.1011524 61.19943 -0.036709 0.432143 -0.000175 0.901058
49.4958 341.1781 0.1502289 61.83344 -0.037208 0.433872 -0.000104 0.900206
49.59942 341.9688 0.1971761 62.46632 -0.038311 0.435435 -0.001067 0.899404
49.70317 342.7628 0.2432714 63.09758 -0.039424 0.437237 -0.001384 0.898481
49.8068 343.5549 0.2876121 63.7223 -0.039606 0.438939 -0.002255 0.89764
49.91055 344.3514 0.3315807 64.34145 -0.038093 0.440683 -0.00306 0.896849
50.01417 345.1509 0.3770411 64.95923 -0.037965 0.441814 -0.002785 0.896299
50.11799 345.9578 0.4211189 65.57679 -0.03926 0.442407 -2.8e-05 0.895955
50.22158 346.7695 0.4707702 66.19159 -0.042035 0.442686 0.003861 0.895682
50.3253 347.5814 0.5273584 66.8072 -0.044223 0.443053 0.005923 0.895384
50.42899 348.3865 0.5831376 67.4182 -0.043521 0.443551 0.006189 0.89517
50.53269 349.1896 0.6373941 68.02224 -0.039687 0.443905 0.005606 0.895177
50.63645 349.9934 0.6867561 68.62683 -0.035873 0.444315 0.00455 0.89514
50.74021 350.8015 0.7306963 69.22924 -0.033853 0.444906 0.005219 0.894922
50.84399 351.6181 0.771935 69.83576 -0.034155 0.445535 0.006911 0.894586
50.9476 352.4363 0.8118633 70.43699 -0.035292 0.446147 0.00966 0.894211
51.0512 353.2541 0.8570171 71.03883 -0.036491 0.446501 0.011951 0.893959
51.15495 354.072 0.9061182 71.64191 -0.037196 0.44684 0.013714 0.893735
51.25856 354.8849 0.9553822 72.24224 -0.03745 0.447057 0.014462 0.893604
51.36231 355.6986 1.004715 72.8449 -0.036145 0.447076 0.014546 0.893647
51.46593 356.5095 1.054302 73.44368 -0.034219 0.447039 0.014598 0.893741
51.56968 357.3241 1.105041 74.04848 -0.034271 0.446952 0.014991 0.893776
51.67332 358.1418 1.154416 74.65095 -0.035312 0.44709 0.016565 0.893638
51.77693 358.9549 1.205514 75.2521 -0.036016 0.447303 0.017351 0.893489
51.88067 359.7704 1.255258 75.85261 -0.034618 0.447665 0.017423 0.893361
51.9843 360.5831 1.307541 76.45292 -0.033574 0.447933 0.017514 0.893265
52.08805 361.3986 1.358613 77.05344 -0.033337 0.448189 0.018337 0.893129
52.19167 362.213 1.409611 77.65593 -0.034402 0.448195 0.019297 0.893065
52.29543 363.0263 1.463455 78.2559 -0.034106 0.448097 0.020811 0.893092
52.39917 363.8376 1.51844 78.85458 -0.033846 0.447863 0.022767 0.893171
52.50293 364.6465 1.575087 79.45174 -0.033366 0.447641 0.025335 0.893231
52.60668 365.4522 1.632868 80.04472 -0.032905 0.447287 0.028544 0.893329
52.71043 366.2568 1.693095 80.63483 -0.031566 0.446942 0.031951 0.893435
52.81418 367.0527 1.755061 81.22981 -0.031547 0.446302 0.033719 0.89369
52.91793 367.845 1.818981 81.82341 -0.031364 0.445742 0.035546 0.893906
53.02168 368.6274 1.881295 82.41447 -0.031991 0.445089 0.036406 0.894174
53.12543 369.4018 1.943287 82.99951 -0.032554 0.44439 0.036952 0.894479
53.22918 370.1664 2.005374 83.57975 -0.031943 0.443655 0.03767 0.894836
53.33293 370.9204 2.065452 84.15507 -0.032155 0.44286 0.038428 0.895189
53.43655 371.6627 2.125331 84.72436 -0.033133 0.442078 0.039339 0.895501
53.5403 372.3933 2.18599 85.28816 -0.035225 0.441567 0.03944 0.895669
53.64405 373.1107 2.251081 85.84868 -0.039499 0.441374 0.039093 0.895601
53.7478 373.8107 2.316552 86.4018 -0.043883 0.441421 0.037327 0.895449
53.85155 374.4976 2.384074 86.94454 -0.046644 0.441646 0.034943 0.895294
53.9553 375.1693 2.455947 87.475 -0.048866 0.441882 0.03238 0.895156
54.05905 375.8296 2.525397 87.99199 -0.050415 0.442248 0.029735 0.894981
54.1628 376.478 2.593374 88.49556 -0.050931 0.442701 0.027861 0.894788
54.26655 377.1159 2.658386 88.98482 -0.050708 0.443039 0.026742 0.894667
54.37018 377.7468 2.722154 89.46349 -0.049575 0.443334 0.026551 0.89459
54.47393 378.371 2.782431 89.93373 -0.049367 0.443589 0.026908 0.894465
54.57757 378.9847 2.83942 90.39767 -0.049212 0.443844 0.026535 0.894358
54.68131 379.5884 2.895644 90.85453 -0.049392 0.444708 0.026156 0.89393
54.78506 380.1834 2.953651 91.30094 -0.049989 0.446302 0.025762 0.893114
54.8888 380.7729 3.009361 91.74008 -0.051426 0.44876 0.02431 0.89184
54.99268 381.3576 3.062328 92.16341 -0.052382 0.451898 0.024141 0.890203
55.09643 381.933 3.112642 92.57369 -0.052795 0.454858 0.022798 0.888705
55.20018 382.5049 3.160924 92.97641 -0.051078 0.458147 0.020435 0.887173
55.30405 383.0793 3.210042 93.373 -0.049153 0.461793 0.01744 0.885453
55.40781 383.6609 3.261727 93.76359 -0.048151 0.466156 0.016029 0.883246
55.51168 384.2584 3.311365 94.15217 -0.049065 0.471382 0.01582 0.880421
55.61543 384.8622 3.360853 94.54098 -0.052962 0.476738 0.015793 0.877306
55.71918 385.4764 3.416745 94.92187 -0.055718 0.481703 0.017042 0.874395
55.82293 386.1003 3.475179 95.2975 -0.057748 0.486804 0.018211 0.87141
55.92668 386.7256 3.536985 95.66617 -0.058252 0.491806 0.019229 0.868541
56.03043 387.3588 3.601461 96.02935 -0.056971 0.496613 0.019823 0.865873
56.13405 387.996 3.664976 96.38488 -0.054367 0.500565 0.020481 0.863747
56.2378 388.6418 3.73156 96.73499 -0.050536 0.504029 0.021673 0.861935
56.34158 389.2979 3.798926 97.0863 -0.047844 0.506919 0.023816 0.860335
56.44535 389.9619 3.869983 97.44102 -0.048143 0.509496 0.02721 0.858694
56.54907 390.6449 3.945355 97.80232 -0.053514 0.511644 0.032008 0.856932
56.65294 391.3339 4.027034 98.17505 -0.06074 0.513319 0.035605 0.855305
56.75668 392.0249 4.116231 98.54535 -0.068406 0.515483 0.038668 0.853289
56.86044 392.7178 4.211579 98.90721 -0.070091 0.518063 0.03987 0.851533
56.96428 393.414 4.312938 99.26698 -0.069281 0.520593 0.038665 0.850111
57.06806 394.1151 4.416686 99.62394 -0.068444 0.52343 0.038075 0.848461
57.17189 394.8314 4.526817 99.97536 -0.069009 0.526115 0.041233 0.846605
57.27556 395.5498 4.640894 100.3225 -0.07094 0.528759 0.04418 0.844648
57.37933 396.2758 4.754188 100.6607 -0.071353 0.531643 0.047161 0.842639
57.48306 396.9938 4.868321 100.9936 -0.07132 0.534022 0.049213 0.841019
57.58681 397.7045 4.987048 101.3225 -0.07015 0.536701 0.049693 0.839382
57.69056 398.4144 5.103503 101.6473 -0.069381 0.53942 0.049571 0.837709
57.7943 399.1214 5.219817 101.968 -0.069896 0.542284 0.049375 0.835826
57.8982 399.8242 5.332589 102.2796 -0.070759 0.545827 0.048903 0.833471
58.00193 400.5261 5.443658 102.5786 -0.070615 0.549937 0.049035 0.83077
58.10581 401.2227 5.551546 102.8625 -0.069978 0.554423 0.049836 0.827789
58.20968 401.9166 5.657436 103.1409 -0.070201 0.558932 0.050227 0.824709
58.31344 402.6027 5.762673 103.408 -0.07087 0.563263 0.050224 0.8217
58.41731 403.2798 5.866325 103.6591 -0.069533 0.567695 0.051057 0.818707
58.52106 403.9506 5.96465 103.9027 -0.067796 0.572243 0.049494 0.815777
58.62493 404.617 6.061249 104.142 -0.065458 0.577552 0.045001 0.81248
58.72868 405.2801 6.15174 104.3753 -0.064611 0.583472 0.039293 0.808605
58.83268 405.9597 6.239906 104.5908 -0.063332 0.590459 0.036284 0.80376
58.93658 406.6318 6.325233 104.7799 -0.061196 0.598351 0.035921 0.798086
59.04043 407.317 6.405908 104.953 -0.058835 0.606808 0.035459 0.791874
59.14431 408.011 6.481032 105.1082 -0.054788 0.61548 0.035031 0.785465
59.24819 408.7023 6.551585 105.246 -0.050303 0.62385 0.034784 0.779148
59.35206 409.4193 6.619282 105.3713 -0.046123 0.63202 0.035853 0.772747
59.45581 410.1351 6.691065 105.4854 -0.043908 0.639696 0.036906 0.766485
59.55956 410.8725 6.763749 105.5946 -0.045091 0.646675 0.038786 0.760443
59.66331 411.6172 6.838057 105.7 -0.048676 0.652428 0.040779 0.755185
59.76694 412.361 6.919003 105.7908 -0.051598 0.657327 0.045202 0.750477
59.87068 413.1125 7.000377 105.8794 -0.053412 0.661006 0.047347 0.746978
59.97431 413.8665 7.082022 105.97 -0.05519 0.66401 0.047369 0.744178
60.07808 414.6247 7.167742 106.0586 -0.057389 0.66684 0.046416 0.741536
60.1818 415.3892 7.261742 106.1371 -0.059651 0.669636 0.047812 0.738744
60.28556 416.1484 7.350541 106.212 -0.061948 0.672149 0.047001 0.736322
60.38931 416.8974 7.42776 106.2978 -0.063603 0.674699 0.038174 0.734356
60.49306 417.6432 7.505022 106.375 -0.059208 0.677239 0.028681 0.732816
60.59681 418.392 7.589414 106.4346 -0.051709 0.678998 0.023736 0.731932
60.70058 419.1639 7.668172 106.5066 -0.053345 0.680399 0.021252 0.730588
60.80418 419.9504 7.739703 106.5859 -0.060782 0.680531 0.021582 0.729875
60.90796 420.7323 7.80996 106.6555 -0.064367 0.679783 0.023591 0.730202
61.0116 421.4933 7.865259 106.727 -0.06051 0.678917 0.017084 0.731518
61.11533 422.2299 7.916668 106.8 -0.051424 0.677974 0.007705 0.733245
61.21894 422.977 7.9717 106.8715 -0.043846 0.675921 -1.2e-05 0.735668
61.32269 423.7372 8.020692 106.9478 -0.044949 0.674229 -0.001377 0.737152
61.42643 424.5012 8.059333 107.0352 -0.052648 0.672971 0.00151 0.737791
61.53019 425.2498 8.093652 107.1189 -0.056377 0.672002 0.003771 0.738391
61.63382 425.9771 8.129462 107.1916 -0.053275 0.671212 0.004367 0.739336
61.7376 426.6891 8.167187 107.2626 -0.047889 0.670134 0.002668 0.740688
61.84131 427.3978 8.202315 107.3393 -0.044275 0.669256 0.00173 0.74171
61.94506 428.1028 8.233718 107.4201 -0.042489 0.668267 0.002088 0.742704
62.04884 428.7973 8.264055 107.5012 -0.039996 0.668119 0.002085 0.742975
62.15261 429.4784 8.290819 107.5837 -0.037652 0.668353 -7.7e-05 0.74289
62.2564 430.1492 8.313589 107.6708 -0.036754 0.668603 -0.002306 0.742707
62.36006 430.81 8.332906 107.757 -0.037112 0.669197 -0.005594 0.742137
62.46396 431.4674 8.346583 107.8376 -0.037924 0.671472 -0.008153 0.740014
62.56793 432.1175 8.355373 107.9076 -0.039159 0.675988 -0.01038 0.735798
62.67181 432.765 8.365156 107.96 -0.039288 0.682096 -0.012187 0.730104
62.77581 433.3982 8.37606 107.9914 -0.038105 0.688883 -0.012115 0.723769
62.87983 434.0258 8.381937 108.0081 -0.036871 0.695727 -0.010471 0.717283
62.98369 434.6248 8.387456 108.0189 -0.035498 0.702148 -0.009647 0.71108
63.08756 435.1999 8.390719 108.0164 -0.033996 0.708393 -0.009215 0.704939
63.19144 435.7582 8.395461 108.0091 -0.033335 0.714632 -0.009151 0.698646
63.29544 436.2915 8.399452 107.9901 -0.034134 0.720832 -0.009574 0.692202
63.39931 436.8089 8.403295 107.9684 -0.035789 0.727413 -0.010233 0.68519
63.50319 437.299 8.401479 107.9305 -0.034858 0.733965 -0.009611 0.678224
63.60706 437.7525 8.394344 107.8831 -0.032089 0.739723 -0.010192 0.672069
63.71081 438.1792 8.385082 107.8263 -0.026224 0.745179 -0.011219 0.666254
63.81468 438.581 8.37812 107.7694 -0.020492 0.750141 -0.013459 0.660823
63.91844 438.9558 8.371887 107.7178 -0.016888 0.754425 -0.016261 0.655968
64.02219 439.3196 8.371096 107.6669 -0.015598 0.757902 -0.019983 0.651876
64.12596 439.6662 8.368543 107.607 -0.013955 0.761044 -0.02123 0.648203
64.22969 439.9972 8.358794 107.5448 -0.011962 0.763821 -0.02072 0.644985
64.33331 440.3117 8.348141 107.476 -0.009323 0.765938 -0.017793 0.6426
64.43707 440.6089 8.339225 107.409 -0.006337 0.767662 -0.014075 0.640669
64.54071 440.8912 8.330838 107.3598 -0.007551 0.769316 -0.013576 0.638679
64.64444 441.1539 8.32006 107.3234 -0.01025 0.770914 -0.01498 0.63668
64.74808 441.3987 8.312378 107.2894 -0.013464 0.772066 -0.016512 0.635185
64.85169 441.6215 8.308381 107.2539 -0.01484 0.773044 -0.016737 0.633958
64.95531 441.8197 8.302167 107.2159 -0.013916 0.773768 -0.016547 0.6331
65.05906 441.9929 8.292936 107.1791 -0.011719 0.774393 -0.015762 0.632399
65.16271 442.1489 8.284685 107.1466 -0.009576 0.774672 -0.014852 0.632116
65.26632 442.2988 8.284115 107.1254 -0.0079 0.774617 -0.015111 0.632201
65.37006 442.4486 8.281336 107.1107 -0.007803 0.774101 -0.016636 0.632795
65.47369 442.6003 8.281351 107.0931 -0.007254 0.773351 -0.015963 0.633736
65.57744 442.7548 8.282708 107.0634 -0.005401 0.77207 -0.011547 0.63541
65.68106 442.9059 8.285099 107.0386 -0.00394 0.770381 -0.008639 0.637513
65.78481 443.0529 8.283272 107.0229 -0.002487 0.769051 -0.008313 0.639129
65.88857 443.1997 8.280202 107.0169 -0.002987 0.76782 -0.009886 0.640582
65.99219 443.3468 8.276204 107.0141 -0.003917 0.766314 -0.011647 0.642349
66.09594 443.4966 8.27367 107.0092 -0.00428 0.764584 -0.013269 0.644373
66.19969 443.6589 8.271518 106.9995 -0.00415 0.762655 -0.013629 0.646649
66.30331 443.836 8.27071 106.9893 -0.004323 0.760573 -0.013571 0.649096
66.40707 444.0318 8.272879 106.9847 -0.006813 0.758442 -0.014654 0.65154
66.51069 444.2467 8.274685 106.9889 -0.010641 0.755514 -0.016571 0.654836
66.61431 444.473 8.271421 106.9895 -0.013524 0.752511 -0.017891 0.658197
66.71809 444.707 8.261392 106.9764 -0.013526 0.74943 -0.016084 0.66175
66.82169 444.9541 8.252821 106.9578 -0.011675 0.745738 -0.012955 0.666011
66.92544 445.2055 8.244671 106.9463 -0.01043 0.741896 -0.010776 0.670347
67.02907 445.4699 8.242657 106.9428 -0.009319 0.7368 -0.009626 0.675978
67.13282 445.741 8.242741 106.9431 -0.007655 0.731261 -0.008177 0.682005
67.23644 446.0129 8.236481 106.9533 -0.007897 0.725256 -0.007606 0.688392
67.34007 446.3024 8.230851 106.9727 -0.008093 0.718066 -0.00689 0.695894
67.44369 446.6028 8.226772 106.9995 -0.00792 0.710392 -0.00692 0.703727
67.54732 446.9028 8.225666 107.0336 -0.007671 0.702652 -0.007969 0.711448
67.65108 447.2256 8.225759 107.0867 -0.008725 0.694337 -0.011578 0.719504
67.75469 447.5585 8.226509 107.1497 -0.009313 0.685956 -0.014429 0.727441
67.85832 447.8898 8.222854 107.21 -0.010438 0.676529 -0.015328 0.736183
67.96208 448.2499 8.21745 107.2771 -0.009676 0.667052 -0.013438 0.744827
68.06569 448.605 8.211699 107.3516 -0.009303 0.657553 -0.01181 0.753258
68.16932 448.9874 8.207744 107.4465 -0.009533 0.647621 -0.011549 0.761815
68.27307 449.3814 8.204227 107.5566 -0.00992 0.637517 -0.011643 0.770284
68.3767 449.7735 8.201329 107.6756 -0.010634 0.627319 -0.012172 0.778595
68.48032 450.1895 8.198927 107.8222 -0.010034 0.617194 -0.011841 0.786658
68.58407 450.6113 8.195762 108.0041 -0.009977 0.607503 -0.011426 0.794173
68.68782 451.0376 8.192056 108.1997 -0.009869 0.598518 -0.010592 0.800979
68.79157 451.4911 8.188818 108.4021 -0.009904 0.590121 -0.010366 0.807188
68.89532 451.9494 8.186495 108.6181 -0.009909 0.582185 -0.010025 0.812934
68.99907 452.4322 8.18353 108.844 -0.009916 0.574582 -0.010278 0.818323
69.10284 452.9289 8.181836 109.0848 -0.009203 0.567059 -0.009345 0.823573
69.20657 453.4353 8.179648 109.3187 -0.008351 0.559424 -0.007679 0.828804
69.31032 453.9636 8.18257 109.5466 -0.007163 0.551529 -0.005891 0.834104
69.41395 454.5022 8.183837 109.7981 -0.005621 0.543572 -0.004166 0.839334
69.51769 455.0427 8.183922 110.0667 -0.005257 0.536051 -0.003833 0.84416
69.62144 455.5975 8.182013 110.3603 -0.00514 0.529133 -0.004586 0.848511
69.72532 456.1582 8.181664 110.6666 -0.005436 0.522813 -0.005424 0.852413
69.82907 456.7493 8.16962 110.9831 -0.006243 0.517289 -0.005224 0.855772
69.93284 457.3544 8.152796 111.3083 -0.006994 0.512513 -0.004913 0.858637
70.03672 457.9719 8.132884 111.6461 -0.008491 0.508727 -0.004578 0.860874
70.14057 458.5971 8.11907 111.9988 -0.009655 0.505676 -0.004251 0.862659
70.24432 459.2335 8.106465 112.3592 -0.010041 0.503351 -0.004547 0.864012
70.3482 459.8774 8.100209 112.7358 -0.010509 0.501537 -0.00488 0.865059
70.45194 460.5356 8.092042 113.1184 -0.010961 0.500061 -0.005265 0.865905
70.55582 461.2016 8.086262 113.5145 -0.010844 0.498757 -0.00581 0.866655
70.65957 461.8832 8.079735 113.9149 -0.010329 0.497484 -0.00535 0.867395
70.76333 462.5741 8.076379 114.3268 -0.009393 0.496206 -0.004957 0.86814
70.86719 463.2776 8.070543 114.7487 -0.00853 0.494998 -0.004963 0.868838
70.97082 463.9887 8.064325 115.182 -0.007848 0.493736 -0.005184 0.869561
71.07469 464.7101 8.056835 115.6225 -0.006783 0.492555 -0.005097 0.87024
71.17844 465.4401 8.048223 116.0673 -0.005827 0.491483 -0.004151 0.870858
71.28219 466.1755 8.039721 116.5177 -0.00476 0.490632 -0.003052 0.871349
71.38595 466.9232 8.029741 116.9794 -0.004256 0.489705 -0.00241 0.871874
71.48957 467.673 8.017194 117.4495 -0.003443 0.488974 -0.003562 0.872285
71.59333 468.4354 8.005046 117.9247 -0.001663 0.488375 -0.00399 0.872623
71.6972 469.2057 7.99385 118.4087 -0.000392 0.488228 -0.004569 0.872704
71.80095 469.987 7.980812 118.9038 -0.001703 0.488003 -0.005243 0.872825
71.90472 470.7811 7.967282 119.4044 -0.002871 0.488018 -0.004513 0.872817
72.00847 471.5837 7.952083 119.9093 -0.004172 0.48771 -0.004182 0.872986
72.1122 472.3974 7.942587 120.4162 -0.003325 0.487482 -0.003153 0.873121
72.21595 473.2194 7.932442 120.9268 -0.001967 0.48704 -0.002371 0.873374
72.3197 474.0519 7.9201 121.4472 -0.001064 0.486752 -0.001342 0.873538
72.42345 474.8921 7.908537 121.9754 -0.000842 0.486357 -0.000686 0.87376
72.5272 475.7434 7.896328 122.5108 -0.000552 0.485957 0.000148 0.873983
72.63095 476.6013 7.882709 123.0538 -0.000511 0.485572 0.000547 0.874196
72.7347 477.4675 7.870021 123.602 -0.000123 0.485246 0.000331 0.874377
72.83847 478.3443 7.856526 124.1604 -4.1e-05 0.484796 -0.000463 0.874627
72.9422 479.2297 7.842703 124.7229 -0.000305 0.484615 -0.000755 0.874727
73.04595 480.1181 7.816016 125.2863 -0.00086 0.484764 -0.000295 0.874645
73.1497 480.992 7.799868 125.864 -0.002274 0.485176 -0.002205 0.874411
73.25345 481.8789 7.784641 126.4407 -0.002403 0.48611 -0.004052 0.873885
73.35722 482.7725 7.76861 127.0159 -0.001574 0.487809 -0.005746 0.87293
73.46107 483.6799 7.748165 127.5929 -0.002069 0.490959 -0.008317 0.871141
73.56495 484.5909 7.723347 128.1647 -0.002785 0.495279 -0.011608 0.868652
73.66882 485.5159 7.702777 128.7246 -0.003065 0.500913 -0.01419 0.865376
73.7727 486.4476 7.68909 129.2736 -0.003932 0.507432 -0.015786 0.861538
73.8767 487.3873 7.6759 129.8063 -0.005349 0.514516 -0.016062 0.857314
73.9806 488.35 7.65976 130.3251 -0.007462 0.521866 -0.016174 0.852842
74.08445 489.32 7.644658 130.8265 -0.008738 0.529492 -0.017041 0.848099
74.18845 490.2959 7.627582 131.3053 -0.007606 0.537277 -0.017814 0.843183
74.29233 491.2861 7.608299 131.7682 -0.006551 0.545386 -0.0198 0.837926
74.3962 492.2829 7.577623 132.2132 -0.005869 0.553999 -0.020636 0.832241
74.50011 493.3018 7.529603 132.653 -0.007338 0.563097 -0.020738 0.826098
74.60382 494.335 7.486674 133.0594 -0.007857 0.572733 -0.01997 0.819461
74.70783 495.358 7.441737 133.4382 -0.006684 0.582825 -0.020968 0.812299
74.8117 496.4058 7.395897 133.7937 -0.004842 0.593349 -0.024618 0.804554
74.91545 497.4462 7.343661 134.1159 -0.002653 0.604151 -0.026182 0.796435
75.01933 498.5138 7.291952 134.4098 -0.003542 0.615781 -0.030696 0.787311
75.12333 499.5934 7.239981 134.6606 -0.000665 0.627955 -0.030649 0.777646
75.2271 500.6561 7.179209 134.8781 -0.001796 0.639802 -0.033464 0.767808
75.33095 501.7511 7.107864 135.0642 0.000332 0.651055 -0.033823 0.758276
75.43482 502.8308 7.030874 135.2112 0.003767 0.661643 -0.03506 0.74899
75.53857 503.9342 6.948783 135.3334 0.006493 0.67147 -0.035064 0.740174
75.6422 505.0423 6.85995 135.4277 0.007843 0.68044 -0.034514 0.731949
75.74595 506.1472 6.768053 135.4921 0.008597 0.688758 -0.034257 0.724131
75.84958 507.2723 6.67505 135.5359 0.00889 0.696792 -0.03531 0.716348
75.95332 508.395 6.580157 135.5569 0.010034 0.704699 -0.036513 0.708496
76.05695 509.5108 6.485308 135.5511 0.01094 0.712162 -0.036587 0.700975
76.16058 510.6424 6.389289 135.5229 0.010977 0.7186 -0.034119 0.694499
76.2642 511.7704 6.294291 135.4757 0.012338 0.723323 -0.031807 0.689667
76.3677 512.9071 6.208165 135.4162 0.015763 0.726438 -0.030136 0.68639
76.47133 514.044 6.119894 135.357 0.018254 0.728491 -0.030333 0.68414
76.57495 515.185 6.025495 135.2992 0.018087 0.729997 -0.030859 0.682514
76.67858 516.3261 5.928454 135.2386 0.017581 0.731203 -0.031306 0.681214
76.7822 517.4718 5.832641 135.1718 0.018164 0.732288 -0.03221 0.679991
76.88586 518.623 5.734027 135.0979 0.019756 0.733417 -0.033057 0.678687
76.98956 519.7856 5.63475 135.0173 0.021529 0.734502 -0.03331 0.677446
77.09325 520.9588 5.53239 134.9329 0.021745 0.735536 -0.032792 0.676342
77.19695 522.1448 5.430448 134.847 0.020053 0.736561 -0.031488 0.67534
77.30058 523.3374 5.330952 134.7574 0.018935 0.737318 -0.030576 0.674587
77.4042 524.5354 5.231821 134.6696 0.018205 0.7378 -0.031583 0.674035
77.50783 525.7344 5.131118 134.5788 0.019394 0.737917 -0.033524 0.673779
77.61158 526.9472 5.024148 134.4845 0.020556 0.737843 -0.034524 0.673776
77.7152 528.1671 4.913715 134.3884 0.021225 0.737707 -0.033844 0.673938
77.81895 529.3991 4.801178 134.2938 0.020677 0.737697 -0.034014 0.673958
77.92271 530.6378 4.687869 134.2008 0.020122 0.737765 -0.035105 0.673844
78.02633 531.8804 4.575691 134.1087 0.019354 0.737954 -0.036191 0.673602
78.13008 533.1337 4.462482 134.0104 0.018795 0.738687 -0.035924 0.672828
78.23383 534.3975 4.347459 133.9097 0.017618 0.739681 -0.035964 0.671765
78.33745 535.6613 4.23497 133.7995 0.019135 0.740322 -0.035904 0.67102
78.4412 536.9366 4.119557 133.6863 0.019462 0.741105 -0.035815 0.67015
78.54483 538.2185 4.003077 133.5721 0.018787 0.742123 -0.036069 0.669029
78.64858 539.5087 3.885044 133.4504 0.01876 0.743327 -0.035527 0.66772
78.75233 540.806 3.768101 133.326 0.01776 0.74453 -0.036121 0.666375
78.85595 542.1306 3.670993 133.1855 0.017119 0.745728 -0.035428 0.665087
78.95971 543.4628 3.573109 133.0424 0.016541 0.746759 -0.035862 0.663921
79.06333 544.802 3.476816 132.8923 0.016761 0.747685 -0.036378 0.662844
79.16708 546.1426 3.37072 132.7403 0.016985 0.748578 -0.036462 0.661826
79.27083 547.4929 3.267103 132.5792 0.01706 0.749403 -0.036073 0.660911
79.37446 548.8484 3.156546 132.4159 0.017765 0.750205 -0.036434 0.659962
79.47821 550.2099 3.041963 132.2485 0.018025 0.751096 -0.036533 0.658935
79.58195 551.5752 2.91327 132.0777 0.0178 0.752126 -0.036689 0.657756
79.6857 552.948 2.783757 131.9008 0.017363 0.753315 -0.036882 0.656396
79.78945 554.3261 2.656796 131.7159 0.017449 0.754657 -0.036482 0.654871
79.89321 555.7118 2.528567 131.5261 0.017384 0.755923 -0.036584 0.653406
79.99697 557.1041 2.399866 131.3279 0.017824 0.757138 -0.036417 0.651995
80.10058 558.4998 2.269903 131.1262 0.018289 0.757984 -0.036654 0.650985
80.20433 559.9076 2.13877 130.9168 0.01879 0.758713 -0.036549 0.650127
80.30798 561.3175 2.008314 130.7066 0.018857 0.759353 -0.036511 0.64938
80.41171 562.7394 1.87561 130.4905 0.01905 0.759844 -0.036412 0.648806
80.51533 564.1657 1.74231 130.2739 0.019226 0.760247 -0.036175 0.648341
80.61908 565.5998 1.607277 130.0512 0.019826 0.760666 -0.036009 0.64784
80.72274 567.0384 1.473204 129.8258 0.020466 0.761031 -0.035756 0.647406
80.82644 568.4892 1.338244 129.5962 0.020194 0.761406 -0.034623 0.647035
80.93008 569.9415 1.204765 129.3673 0.020356 0.761718 -0.035172 0.646633
81.03384 571.4033 1.07045 129.1365 0.020023 0.762102 -0.035124 0.646194
81.1375 572.8707 0.9347147 128.9047 0.01912 0.762498 -0.03504 0.645759
81.24121 574.3517 0.7948708 128.6665 0.018362 0.762935 -0.033949 0.645322
81.34494 575.8281 0.6596113 128.4282 0.018874 0.763201 -0.033498 0.645016
81.44859 577.3012 0.5265952 128.1909 0.019972 0.76322 -0.034212 0.644923
81.55233 578.7797 0.3911611 127.9538 0.020046 0.763224 -0.033967 0.644929
81.65606 580.2597 0.252798 127.7179 0.019892 0.76332 -0.034523 0.644791
81.75971 581.7458 0.1016155 127.4871 0.019911 0.763288 -0.03408 0.644852
81.86346 583.2371 -0.05588021 127.2589 0.020021 0.763155 -0.034725 0.644972
81.96708 584.7273 -0.2157308 127.031 0.020688 0.762922 -0.035206 0.6452
82.07083 586.2192 -0.3728685 126.7986 0.022169 0.762612 -0.034829 0.645537
82.17446 587.713 -0.5291253 126.5673 0.022568 0.762085 -0.03397 0.646192
82.27821 589.2056 -0.6839355 126.3366 0.022846 0.761379 -0.032121 0.647108
82.38196 590.7063 -0.8349537 126.1075 0.022684 0.760751 -0.031665 0.647874
82.48571 592.202 -0.9855955 125.8847 0.022718 0.760328 -0.032141 0.648345
82.58943 593.6965 -1.133189 125.6604 0.022792 0.76014 -0.031143 0.648612
82.69308 595.1894 -1.279919 125.4396 0.02272 0.759815 -0.03151 0.648977
82.79692 596.6838 -1.425223 125.2152 0.023389 0.759517 -0.031372 0.649309
82.9006 598.1765 -1.569485 124.9935 0.022951 0.759253 -0.031381 0.649634
83.00423 599.6656 -1.713634 124.7758 0.022615 0.758998 -0.032128 0.649907
83.10785 601.1497 -1.855775 124.5584 0.021263 0.758839 -0.032566 0.650116
83.21158 602.6348 -1.996259 124.3339 0.021571 0.75878 -0.031387 0.650232
83.31521 604.1193 -2.134326 124.1054 0.022016 0.758516 -0.030478 0.650569
83.41896 605.6015 -2.266799 123.8702 0.02435 0.758239 -0.02741 0.650945
83.52259 607.0799 -2.402032 123.6385 0.025841 0.757906 -0.027441 0.651274
83.62621 608.555 -2.53986 123.4126 0.027211 0.757638 -0.028692 0.651476
83.72996 610.0387 -2.682651 123.1942 0.026119 0.757565 -0.029726 0.651559
83.83358 611.521 -2.824801 122.977 0.024331 0.757312 -0.02986 0.651917
83.93735 613.0022 -2.963844 122.7629 0.023528 0.756933 -0.030211 0.65237
84.04096 614.4836 -3.099679 122.5471 0.023118 0.756613 -0.030858 0.652726
84.14471 615.9658 -3.235243 122.3354 0.022471 0.756292 -0.031905 0.653069
84.24835 617.4445 -3.370905 122.1166 0.021966 0.756074 -0.03192 0.653338
84.3521 618.9264 -3.50959 121.9034 0.021035 0.756047 -0.032196 0.653387
84.45571 620.4019 -3.644953 121.686 0.022092 0.756166 -0.031658 0.65324
84.55938 621.8775 -3.782481 121.471 0.022647 0.75611 -0.031568 0.65329
84.66298 623.3503 -3.919619 121.2544 0.023532 0.756028 -0.03027 0.653415
84.76673 624.8239 -4.058322 121.0352 0.023461 0.755687 -0.029072 0.653867
84.87034 626.2881 -4.19743 120.8229 0.024113 0.755105 -0.029415 0.6545
84.97396 627.7419 -4.339425 120.6154 0.024752 0.754533 -0.031513 0.655038
85.07772 629.195 -4.485251 120.4151 0.023473 0.754287 -0.032224 0.655333
85.18133 630.6377 -4.631806 120.216 0.021104 0.753885 -0.032955 0.65584
85.28509 632.0716 -4.772113 120.0166 0.020558 0.753575 -0.032095 0.656257
85.38871 633.4936 -4.906253 119.8122 0.019912 0.753543 -0.030639 0.656382
85.49246 634.9104 -5.039168 119.6107 0.02073 0.753467 -0.029595 0.656492
85.59611 636.3188 -5.173869 119.4126 0.020643 0.753422 -0.029609 0.656546
85.69975 637.7168 -5.306799 119.2158 0.021062 0.753633 -0.029812 0.656281
85.80345 639.1077 -5.440214 119.0205 0.02062 0.753961 -0.029803 0.655919
85.90711 640.484 -5.573172 118.8251 0.02003 0.754244 -0.02998 0.655603
86.01084 641.8446 -5.704481 118.6326 0.019452 0.754436 -0.030306 0.655385
86.11446 643.1805 -5.829779 118.4422 0.019159 0.754675 -0.029945 0.655135
86.21821 644.4976 -5.952741 118.2561 0.017748 0.755023 -0.029017 0.654816
86.32183 645.7878 -6.069315 118.0703 0.016511 0.755363 -0.028133 0.654494
86.42559 647.0504 -6.180966 117.8844 0.01683 0.7555 -0.028409 0.654316
86.52921 648.2784 -6.293647 117.6984 0.019234 0.755572 -0.029664 0.654111
86.63298 649.4851 -6.410502 117.5205 0.019933 0.755618 -0.030093 0.654017
86.73673 650.6695 -6.526455 117.3448 0.019013 0.755522 -0.028439 0.65423
86.84034 651.8174 -6.633894 117.176 0.018576 0.755095 -0.027596 0.654771
86.94409 652.9332 -6.736937 117.0159 0.018159 0.754562 -0.027553 0.655398
87.04771 654.0157 -6.83414 116.863 0.017233 0.753944 -0.02752 0.656135
87.15136 655.0645 -6.92894 116.7124 0.016738 0.753181 -0.026204 0.657078
87.25496 656.0738 -7.019342 116.5666 0.015759 0.752508 -0.024586 0.657935
87.35871 657.0509 -7.109623 116.4399 0.01405 0.752194 -0.025019 0.658317
87.46246 657.9807 -7.194317 116.3142 0.014727 0.752025 -0.024814 0.658502
87.56621 658.8703 -7.275101 116.1936 0.015963 0.751737 -0.025379 0.658781
87.66986 659.7211 -7.356354 116.0767 0.015715 0.751685 -0.025718 0.658834
87.77359 660.5264 -7.432865 115.9646 0.015171 0.751642 -0.026413 0.658868
87.87734 661.2929 -7.506423 115.8579 0.013685 0.752513 -0.02762 0.657855
87.98121 662.0203 -7.573766 115.7505 0.012541 0.755436 -0.029108 0.654456
88.08521 662.7011 -7.64033 115.6308 0.011157 0.76064 -0.030675 0.648352
88.18921 663.355 -7.700834 115.5058 0.009504 0.768164 -0.032473 0.639359
88.29333 663.9799 -7.758066 115.3586 0.009865 0.77723 -0.033793 0.628231
88.39746 664.544 -7.812578 115.1851 0.011051 0.787444 -0.034793 0.615304
88.50159 665.1394 -7.870549 114.9993 0.013569 0.799187 -0.034554 0.599935
88.60584 665.6528 -7.927666 114.787 0.013776 0.812478 -0.034694 0.581796
88.7101 666.2207 -7.985695 114.5578 0.013525 0.826798 -0.034375 0.561285
88.81434 666.7809 -8.042231 114.3064 0.013348 0.841395 -0.033969 0.539186
88.91859 667.2164 -8.095726 114.0165 0.012818 0.856164 -0.033192 0.515477
89.02284 667.7314 -8.15508 113.7224 0.013437 0.87121 -0.033371 0.489591
89.12709 668.0814 -8.21182 113.3811 0.014792 0.886135 -0.034278 0.461921
89.23134 668.5395 -8.2656 113.0421 0.015031 0.900719 -0.035933 0.432653
89.33559 668.8155 -8.309868 112.6521 0.016373 0.91447 -0.037735 0.402558
89.43959 669.1895 -8.364714 112.2683 0.020248 0.927012 -0.038361 0.372516
89.54371 669.5344 -8.419548 111.859 0.024624 0.93847 -0.03736 0.342451
89.64784 669.7217 -8.469077 111.4206 0.025362 0.949182 -0.037328 0.311476
89.75184 670.0173 -8.521558 110.986 0.024812 0.958806 -0.037242 0.280513
89.85584 670.1506 -8.567497 110.5132 0.025282 0.96746 -0.036517 0.249095
89.95974 670.375 -8.624582 110.04 0.028385 0.974943 -0.035688 0.21773
90.06371 670.5715 -8.670623 109.5531 0.03152 0.98134 -0.036498 0.186137
90.16759 670.6002 -8.721843 109.0393 0.033139 0.98672 -0.040054 0.153885
90.27149 670.7435 -8.762155 108.5321 0.033498 0.991136 -0.043803 0.120864
90.37547 670.7193 -8.8097 107.9914 0.034534 0.994463 -0.045993 0.087948
90.47934 670.7989 -8.866096 107.4536 0.034106 0.996875 -0.04484 0.055383
90.58309 670.8537 -8.926874 106.9058 0.034255 0.998215 -0.043573 0.022221
90.68697 670.7208 -8.988273 106.3349 0.034708 0.998336 -0.044605 -0.011423
90.79084 670.6915 -9.044011 105.7796 0.035532 0.997226 -0.047166 -0.045304
90.89459 670.4796 -9.110009 105.2037 0.035398 0.994993 -0.049569 -0.079239
90.99849 670.3759 -9.163384 104.646 0.035593 0.991567 -0.052058 -0.113218
91.10209 670.2121 -9.217767 104.0834 0.035936 0.987238 -0.053437 -0.145653
91.20584 669.8862 -9.275436 103.505 0.037619 0.982077 -0.053662 -0.176721
91.30947 669.6374 -9.333919 102.9431 0.038185 0.976303 -0.054262 -0.205983
91.41297 669.3414 -9.389779 102.3805 0.03882 0.970262 -0.054388 -0.232651
91.51659 668.934 -9.442521 101.8117 0.039589 0.96402 -0.05566 -0.256905
91.62022 668.5705 -9.490074 101.2535 0.04078 0.957914 -0.057757 -0.278212
91.72371 668.1707 -9.542441 100.6959 0.041124 0.952451 -0.05869 -0.296145
91.82724 667.7134 -9.59801 100.1285 0.042204 0.947646 -0.057746 -0.311211
91.93059 667.257 -9.654688 99.56918 0.042587 0.943567 -0.055186 -0.323762
92.03413 666.784 -9.711829 98.99997 0.040882 0.939997 -0.052131 -0.334689
92.13772 666.2846 -9.763801 98.43179 0.038963 0.93662 -0.049816 -0.344592
92.24122 665.7788 -9.817338 97.87203 0.038216 0.933214 -0.048239 -0.354011
92.34486 665.2332 -9.854248 97.30181 0.036937 0.929743 -0.045868 -0.36347
92.4486 664.6919 -9.902523 96.73017 0.033171 0.926018 -0.042388 -0.373623
92.55222 664.1406 -9.951545 96.16703 0.029656 0.922175 -0.038111 -0.383747
92.65597 663.548 -9.983917 95.61348 0.028752 0.917873 -0.035248 -0.394258
92.75972 662.9511 -10.01919 95.06952 0.026338 0.913288 -0.030105 -0.405345
92.86347 662.3373 -10.05144 94.53464 0.02326 0.908232 -0.025026 -0.417069
92.96722 661.6931 -10.07472 94.00972 0.020191 0.902826 -0.021262 -0.429006
93.07097 661.0454 -10.09293 93.51509 0.020111 0.89699 -0.020043 -0.441137
93.17472 660.3612 -10.10891 93.03188 0.020475 0.890886 -0.018818 -0.453375
93.27847 659.6812 -10.12551 92.56889 0.021664 0.884609 -0.016512 -0.465537
93.38209 658.9781 -10.13214 92.10808 0.023701 0.87862 -0.013946 -0.47673
93.48584 658.2498 -10.14038 91.66145 0.026254 0.873231 -0.012996 -0.486426
93.58947 657.5207 -10.14228 91.23078 0.028367 0.868894 -0.011688 -0.494046
93.69312 656.784 -10.14771 90.79684 0.028697 0.865927 -0.010068 -0.499244
93.79672 656.0269 -10.14631 90.35545 0.029532 0.864052 -0.007376 -0.502482
93.90035 655.2651 -10.145 89.90592 0.029448 0.863294 -0.004258 -0.503823
94.00397 654.5015 -10.14401 89.4451 0.026776 0.86312 -0.000523 -0.504287
94.10764 653.7332 -10.14159 88.98224 0.023718 0.863405 0.000838 -0.503953
94.21135 652.9631 -10.13661 88.5237 0.020371 0.864097 -0.000566 -0.502913
94.31499 652.1783 -10.13302 88.06058 0.01818 0.865132 -0.004341 -0.501196
94.41859 651.3922 -10.13577 87.59251 0.015846 0.866611 -0.006836 -0.498685
94.52222 650.592 -10.14452 87.11193 0.016411 0.867985 -0.008026 -0.496253
94.62597 649.7873 -10.16222 86.62273 0.016132 0.86954 -0.006493 -0.493556
94.72972 648.9838 -10.18136 86.11908 0.014382 0.870515 -0.006359 -0.491891
94.83349 648.1788 -10.2066 85.6103 0.011048 0.871022 -0.007663 -0.491059
94.93722 647.3616 -10.23491 85.10861 0.009734 0.870912 -0.009783 -0.491245
95.04097 646.5313 -10.26526 84.59392 0.008387 0.871056 -0.009599 -0.491018
95.14472 645.6934 -10.29976 84.07343 0.007513 0.871203 -0.008961 -0.490784
95.24835 644.8424 -10.32492 83.54987 0.009291 0.871591 -0.008228 -0.490077
95.35209 643.9805 -10.35283 83.0219 0.011642 0.871927 -0.008172 -0.489429
95.45587 643.1181 -10.37586 82.48284 0.012162 0.872633 -0.006073 -0.488187
95.55954 642.252 -10.39451 81.94828 0.013152 0.873371 -0.006181 -0.486838
95.66311 641.3927 -10.41407 81.41052 0.013959 0.87427 -0.006372 -0.485197
95.76685 640.535 -10.4327 80.86911 0.014882 0.875238 -0.006882 -0.483414
95.87047 639.6813 -10.45077 80.32439 0.016643 0.876251 -0.006673 -0.481521
95.97425 638.8312 -10.46791 79.76797 0.017275 0.877443 -0.007217 -0.479316
96.07786 637.9859 -10.48472 79.2121 0.016165 0.87847 -0.008235 -0.477452
96.1816 637.1493 -10.50813 78.65837 0.016371 0.879231 -0.008986 -0.476029
96.28535 636.315 -10.53704 78.09906 0.016709 0.87977 -0.007557 -0.475046
96.3891 635.4874 -10.56509 77.54032 0.017435 0.880145 -0.007008 -0.474333
96.49287 634.6665 -10.58281 76.99384 0.01663 0.880588 -0.007418 -0.473533
96.5966 633.8524 -10.60249 76.44864 0.016149 0.880831 -0.008925 -0.473071
96.70035 633.0517 -10.63017 75.90526 0.016021 0.880999 -0.008035 -0.472778
96.80399 632.2519 -10.64811 75.35515 0.017172 0.880871 -0.005668 -0.473012
96.90773 631.4568 -10.65785 74.80841 0.016461 0.881004 -0.005306 -0.472792
97.01147 630.6658 -10.66245 74.27009 0.016094 0.881164 -0.006681 -0.472489
97.1151 629.8795 -10.67161 73.73857 0.016792 0.881328 -0.00779 -0.472143
97.21889 629.1065 -10.68866 73.211 0.016905 0.881717 -0.00759 -0.471414
97.3225 628.3434 -10.70814 72.68462 0.017164 0.882324 -0.007909 -0.470264
97.42622 627.5905 -10.7213 72.16355 0.016942 0.88301 -0.008951 -0.468962
97.52999 626.8447 -10.73087 71.63711 0.016691 0.883612 -0.007736 -0.467858
97.63372 626.1107 -10.7391 71.12089 0.018175 0.884231 -0.006648 -0.466648
97.73747 625.3872 -10.74782 70.61005 0.018194 0.885017 -0.005546 -0.465171
97.84124 624.6843 -10.75119 70.10311 0.01637 0.885635 -0.006953 -0.464041
97.94507 623.9951 -10.75593 69.60583 0.015582 0.886229 -0.007395 -0.462927
98.04875 623.3185 -10.75717 69.11566 0.015507 0.886634 -0.007069 -0.462158
98.15247 622.6615 -10.759 68.63581 0.015601 0.886849 -0.006216 -0.461754
98.25623 622.0271 -10.75355 68.166 0.014329 0.887023 -0.005492 -0.461471
98.35997 621.4105 -10.75959 67.70924 0.012774 0.88734 -0.005468 -0.460906
98.46372 620.8086 -10.76815 67.27259 0.014486 0.887686 -0.004682 -0.460197
98.56747 620.2264 -10.77507 66.85124 0.016737 0.88823 -0.00481 -0.459069
98.67123 619.6701 -10.78381 66.43697 0.01678 0.888684 -0.002546 -0.458206
98.77487 619.1421 -10.79462 66.03572 0.015623 0.889115 -0.001413 -0.457414
98.8786 618.6337 -10.80289 65.65583 0.016198 0.8896 -0.001758 -0.45645
98.98235 618.1539 -10.8155 65.28911 0.015637 0.890045 -0.001425 -0.455601
99.0861 617.697 -10.82404 64.94478 0.015591 0.890442 -0.002534 -0.454823
99.18973 617.2685 -10.83564 64.62793 0.016517 0.890735 -0.003846 -0.454207
99.29348 616.8671 -10.84459 64.32758 0.017559 0.890943 -0.004092 -0.453758
99.39723 616.4909 -10.85055 64.04612 0.017438 0.891191 -0.005738 -0.453256
99.50085 616.1466 -10.85254 63.77847 0.01522 0.891267 -0.005095 -0.453196
99.6046 615.8196 -10.84752 63.53086 0.013905 0.891246 -0.003864 -0.453291
99.70835 615.5139 -10.84264 63.31555 0.015284 0.891628 -0.003807 -0.452496
99.81198 615.2297 -10.84514 63.11774 0.018268 0.891999 -0.005186 -0.451638
99.91573 614.9738 -10.84148 62.93212 0.018318 0.891959 -0.006206 -0.451702
100.0193 614.7441 -10.84211 62.75796 0.017228 0.892194 -0.006456 -0.451277
100.1231 614.5303 -10.836 62.6042 0.016874 0.892671 -0.006339 -0.450348
100.2267 614.3308 -10.83889 62.46162 0.017732 0.892721 -0.006112 -0.45022
100.3305 614.1529 -10.83935 62.32641 0.017854 0.892701 -0.005823 -0.450257
100.4341 613.9794 -10.83308 62.19637 0.017334 0.892962 -0.007739 -0.449731
100.5379 613.8111 -10.82475 62.0693 0.016855 0.893134 -0.009373 -0.449377
100.6415 613.6452 -10.82308 61.94494 0.017049 0.892953 -0.01017 -0.449712
100.7452 613.4789 -10.8133 61.821 0.017405 0.89304 -0.010575 -0.449517
100.8489 613.3132 -10.80582 61.69425 0.017845 0.893148 -0.010439 -0.449288
100.9526 613.1522 -10.80397 61.56966 0.017636 0.893107 -0.010348 -0.449379
101.0562 612.991 -10.798 61.44762 0.017222 0.893071 -0.010527 -0.449463
101.16 612.8304 -10.79146 61.32249 0.016242 0.893133 -0.010855 -0.449369
101.2636 612.6714 -10.78498 61.19808 0.01576 0.893203 -0.010756 -0.449248
101.3674 612.5071 -10.78137 61.07369 0.016159 0.893239 -0.010137 -0.449177
101.471 612.348 -10.78161 60.95679 0.016891 0.893264 -0.010206 -0.449099
101.5747 612.1916 -10.78752 60.84182 0.017692 0.893362 -0.010547 -0.448865
101.6784 612.0437 -10.79376 60.73134 0.017851 0.89337 -0.010679 -0.44884
101.7821 611.9005 -10.80293 60.61897 0.0173 0.893358 -0.010489 -0.448891
101.8859 611.7571 -10.80545 60.50642 0.016829 0.893424 -0.010499 -0.448776
101.9896 611.6151 -10.81255 60.40031 0.017138 0.89349 -0.010429 -0.448634
102.0932 611.4761 -10.81876 60.29891 0.017901 0.893454 -0.01028 -0.44868
102.197 611.3439 -10.81989 60.20132 0.018152 0.893453 -0.00998 -0.448678
102.3007 611.2231 -10.81783 60.10489 0.01757 0.893456 -0.009832 -0.448698
102.4045 611.1093 -10.82428 60.01185 0.016503 0.893465 -0.010042 -0.448716
102.5083 610.9958 -10.83316 59.92384 0.01632 0.89351 -0.010554 -0.448622
102.6119 610.8817 -10.83923 59.84108 0.017232 0.893507 -0.011269 -0.448577
102.7156 610.7661 -10.84023 59.7584 0.0185 0.893446 -0.012014 -0.448628
102.8194 610.6572 -10.84191 59.67128 0.018623 0.893363 -0.011927 -0.448792
102.923 610.544 -10.8356 59.57761 0.01801 0.893476 -0.010101 -0.448637
103.0267 610.434 -10.83002 59.48389 0.016823 0.893527 -0.008208 -0.448619
103.1305 610.3302 -10.83372 59.39758 0.01571 0.893489 -0.007935 -0.44874
103.2341 610.2291 -10.8416 59.31664 0.015299 0.893519 -0.008765 -0.44868
103.3379 610.1273 -10.85035 59.23631 0.015364 0.893551 -0.009706 -0.448593
103.4415 610.025 -10.85672 59.15471 0.015463 0.893542 -0.00995 -0.448604
103.5452 609.9206 -10.858 59.06999 0.015301 0.893596 -0.009996 -0.448499
103.649 609.8106 -10.85383 58.9832 0.01495 0.893672 -0.010378 -0.448352
103.7526 609.6925 -10.84677 58.89047 0.01447 0.893739 -0.01107 -0.448218
103.8564 609.5668 -10.84532 58.79275 0.014055 0.893937 -0.012539 -0.447796
103.9601 609.4269 -10.8453 58.68324 0.013639 0.894199 -0.014469 -0.447227
104.0637 609.2668 -10.84724 58.55681 0.013289 0.894561 -0.016072 -0.446459
104.1674 609.0866 -10.85141 58.41027 0.012562 0.895186 -0.0168 -0.445198
104.271 608.885 -10.85837 58.24501 0.011768 0.896094 -0.017435 -0.443366
104.3746 608.6581 -10.86268 58.06365 0.012178 0.897273 -0.018066 -0.440938
104.4782 608.4078 -10.8594 57.86475 0.013189 0.898533 -0.019568 -0.43827
104.582 608.1414 -10.85098 57.64325 0.012998 0.899983 -0.021112 -0.435219
104.6857 607.8549 -10.85104 57.39812 0.011845 0.901883 -0.020484 -0.431333
104.7894 607.5536 -10.85729 57.14145 0.012842 0.903903 -0.021432 -0.427007
104.893 607.2262 -10.84763 56.86485 0.014574 0.905954 -0.022314 -0.422536
104.9967 606.8856 -10.84516 56.57174 0.016078 0.908074 -0.022015 -0.417922
105.1005 606.5341 -10.84757 56.25489 0.016964 0.910241 -0.020651 -0.413216
105.2041 606.1751 -10.8524 55.92283 0.015661 0.912486 -0.021358 -0.40825
105.3077 605.7989 -10.85192 55.57109 0.015481 0.91456 -0.02203 -0.403552
105.4115 605.4022 -10.85101 55.20007 0.017672 0.916514 -0.020484 -0.399086
105.5153 604.9888 -10.84809 54.81576 0.020159 0.918364 -0.019465 -0.394744
105.6189 604.5756 -10.84914 54.41248 0.020556 0.920192 -0.018586 -0.390486
105.7226 604.1571 -10.84897 53.9836 0.018801 0.921636 -0.015774 -0.387278
105.8265 603.721 -10.849 53.53979 0.018654 0.922787 -0.013186 -0.384632
105.9302 603.2807 -10.85762 53.08678 0.016706 0.923806 -0.012729 -0.382284
106.0341 602.8244 -10.86177 52.61497 0.015255 0.924211 -0.011182 -0.381413
106.1379 602.3576 -10.86318 52.12981 0.01306 0.924572 -0.009099 -0.380675
106.2417 601.8734 -10.8637 51.63483 0.013481 0.925122 -0.009346 -0.379315
106.3455 601.3777 -10.8686 51.12461 0.013636 0.925473 -0.009017 -0.37846
106.4492 600.8722 -10.87876 50.59895 0.014452 0.925668 -0.009934 -0.377931
106.553 600.3665 -10.89051 50.05776 0.010129 0.926211 -0.011534 -0.376692
106.6568 599.8496 -10.90722 49.50071 0.006175 0.926484 -0.013114 -0.376056
106.7605 599.3131 -10.92426 48.9408 0.006043 0.926785 -0.016245 -0.375193
106.8642 598.7574 -10.94563 48.36507 0.00922 0.927143 -0.017772 -0.374174
106.968 598.1997 -10.97494 47.76481 0.008444 0.927329 -0.015017 -0.373849
107.0718 597.6365 -11.00894 47.15386 0.007301 0.927586 -0.013596 -0.37329
107.1755 597.0613 -11.04019 46.53114 0.007018 0.928052 -0.011942 -0.372194
107.2791 596.4781 -11.06657 45.90216 0.007241 0.928527 -0.012772 -0.370975
107.3829 595.8811 -11.09864 45.24823 0.008653 0.929107 -0.011796 -0.369522
107.4865 595.2758 -11.12293 44.58974 0.009745 0.929892 -0.011588 -0.367521
107.5902 594.6712 -11.15506 43.91619 0.00995 0.930853 -0.011586 -0.365076
107.6939 594.0578 -11.18162 43.2366 0.011992 0.931896 -0.011338 -0.362349
107.7976 593.4438 -11.21685 42.54869 0.013912 0.932947 -0.010934 -0.359577
107.9012 592.8339 -11.24681 41.85865 0.015034 0.933786 -0.011407 -0.357334
108.005 592.2286 -11.27914 41.16615 0.014535 0.934527 -0.012334 -0.355382
108.1087 591.6198 -11.31105 40.47923 0.014894 0.934973 -0.013801 -0.354138
108.2125 591.0189 -11.3477 39.79061 0.012438 0.935256 -0.014509 -0.353455
108.3162 590.4165 -11.38702 39.09726 0.011323 0.935097 -0.01534 -0.353879
108.42 589.8115 -11.41673 38.40761 0.009414 0.934951 -0.015515 -0.354312
108.5237 589.2034 -11.44789 37.71988 0.007068 0.934565 -0.0144 -0.355432
108.6275 588.5897 -11.47534 37.03595 0.007717 0.934272 -0.013569 -0.356218
108.7312 587.9705 -11.50494 36.34581 0.009615 0.933907 -0.014011 -0.357112
108.8351 587.3486 -11.54032 35.65009 0.010416 0.933432 -0.013443 -0.35835
108.9389 586.7274 -11.57309 34.953 0.00971 0.93294 -0.014853 -0.359594
109.0426 586.1016 -11.60601 34.25941 0.009565 0.932465 -0.015684 -0.360794
109.1464 585.4709 -11.63827 33.56322 0.009801 0.932001 -0.015937 -0.361972
109.2501 584.8353 -11.67232 32.86909 0.009823 0.931446 -0.015924 -0.363399
109.3539 584.1966 -11.70604 32.17088 0.009315 0.930972 -0.015714 -0.364633
109.4576 583.5539 -11.74538 31.47256 0.00969 0.930458 -0.016345 -0.365904
109.5612 582.9099 -11.7797 30.77846 0.009781 0.930016 -0.01665 -0.36701
109.665 582.2613 -11.81017 30.08245 0.009444 0.929535 -0.018174 -0.368166
109.7687 581.6089 -11.84302 29.38262 0.009332 0.9293 -0.017805 -0.368778
109.8724 580.9564 -11.88154 28.68287 0.009374 0.929173 -0.018133 -0.369082
109.9761 580.2979 -11.92518 27.97705 0.009221 0.929159 -0.016636 -0.369192
110.0797 579.6399 -11.96837 27.26971 0.008795 0.929158 -0.016982 -0.369188
110.1835 578.9819 -12.00728 26.55966 0.007945 0.929215 -0.017035 -0.369061
110.2872 578.3215 -12.04305 25.84731 0.007273 0.929411 -0.017837 -0.368544
110.3909 577.6565 -12.08468 25.13063 0.007942 0.929699 -0.017593 -0.367813
110.4946 576.9896 -12.12757 24.41211 0.008682 0.929985 -0.017282 -0.367089
110.5982 576.3293 -12.17159 23.69459 0.007517 0.930216 -0.018765 -0.366455
110.702 575.6697 -12.2178 22.97735 0.006834 0.930534 -0.01959 -0.365617
110.8056 575.0134 -12.26829 22.26179 0.00643 0.930905 -0.021229 -0.364587
110.9092 574.3601 -12.32193 21.53752 0.006189 0.931386 -0.018603 -0.363506
111.0129 573.7105 -12.37404 20.81582 0.006916 0.931855 -0.017336 -0.36235
111.1166 573.061 -12.42 20.0923 0.007118 0.932341 -0.01546 -0.361179
111.2202 572.4145 -12.45957 19.37693 0.007824 0.932641 -0.01662 -0.360339
111.324 571.7728 -12.49786 18.65815 0.007741 0.933087 -0.017038 -0.359162
111.4276 571.1353 -12.53619 17.94196 0.008206 0.933447 -0.017862 -0.358177
111.5314 570.5015 -12.57914 17.22896 0.008604 0.933902 -0.018213 -0.356962
111.635 569.8728 -12.62044 16.52128 0.008653 0.934192 -0.019985 -0.356106
111.7387 569.253 -12.66639 15.81237 0.007656 0.93455 -0.020661 -0.35515
111.8424 568.6346 -12.71147 15.1027 0.007156 0.934943 -0.020014 -0.354162
111.9461 568.0181 -12.7531 14.39283 0.007118 0.935317 -0.01776 -0.353293
112.0497 567.4028 -12.79528 13.68455 0.007794 0.935496 -0.015115 -0.352928
112.1535 566.7964 -12.83587 12.98106 0.006146 0.935514 -0.01487 -0.352922
112.2571 566.199 -12.88189 12.28701 0.004171 0.935269 -0.016357 -0.353536
112.3609 565.597 -12.92698 11.59476 0.003419 0.934979 -0.01749 -0.354256
112.4646 564.9902 -12.9675 10.91187 0.005107 0.934527 -0.018998 -0.355348
112.5682 564.3812 -13.00929 10.2361 0.008167 0.934061 -0.019343 -0.356497
112.672 563.7768 -13.05035 9.568871 0.00974 0.933689 -0.020396 -0.35737
112.7756 563.1841 -13.09917 8.909222 0.010359 0.933307 -0.020889 -0.358321
112.8794 562.5935 -13.14778 8.255447 0.011558 0.932953 -0.021627 -0.359162
112.983 562.0162 -13.19798 7.610878 0.010438 0.932538 -0.021886 -0.360257
113.0867 561.4478 -13.24838 6.973817 0.008502 0.932061 -0.02256 -0.361498
113.1905 560.8969 -13.29868 6.359508 0.005189 0.931544 -0.026826 -0.3626
113.2941 560.3578 -13.35478 5.761759 0.003351 0.931054 -0.029417 -0.363679
113.3978 559.8303 -13.41042 5.174447 0.000804 0.930786 -0.029503 -0.36437
113.5015 559.3052 -13.45738 4.607283 0.002886 0.930542 -0.028587 -0.365057
113.6052 558.7906 -13.50263 4.059161 0.005162 0.930456 -0.027271 -0.365351
113.709 558.301 -13.54744 3.537414 0.0065 0.930291 -0.028138 -0.365683
113.8126 557.8372 -13.59863 3.031586 0.00636 0.930155 -0.028736 -0.365986
113.9164 557.3888 -13.64868 2.556647 0.008554 0.930018 -0.032484 -0.365976
114.0201 556.9636 -13.69656 2.098999 0.008292 0.930082 -0.034494 -0.365635
114.1239 556.5559 -13.74547 1.653286 0.008007 0.930032 -0.033896 -0.365825
114.2276 556.1663 -13.79439 1.2243 0.006778 0.930025 -0.032603 -0.365986
114.3314 555.7882 -13.84594 0.8169201 0.008055 0.930233 -0.032537 -0.365436
114.435 555.4289 -13.90309 0.4233178 0.007265 0.930233 -0.03317 -0.365396
114.5387 555.0868 -13.95315 0.03811962 0.004591 0.930045 -0.035113 -0.365735
114.6425 554.7515 -14.00156 -0.3399935 0.002107 0.930012 -0.035254 -0.365829
114.7463 554.4192 -14.04377 -0.7073627 0.001951 0.929987 -0.034787 -0.365939
114.85 554.0919 -14.09013 -1.065239 0.002539 0.93003 -0.033966 -0.365902
114.9538 553.7707 -14.13144 -1.417053 0.003351 0.92995 -0.032658 -0.366218
115.0574 553.4605 -14.17213 -1.759813 0.001478 0.929918 -0.031709 -0.366396
115.1611 553.1562 -14.20641 -2.093206 0.000711 0.929758 -0.031427 -0.366826
115.2649 552.8539 -14.23971 -2.416138 0.000864 0.929673 -0.031548 -0.36703
115.3686 552.5559 -14.27067 -2.730761 0.002748 0.929478 -0.032467 -0.367436
115.4724 552.2654 -14.30044 -3.039119 0.004141 0.929413 -0.032926 -0.367546
115.5761 551.9811 -14.33004 -3.341352 0.005149 0.929385 -0.033564 -0.367547
115.6797 551.7084 -14.35767 -3.635664 0.005318 0.929369 -0.033416 -0.367597
115.7835 551.4462 -14.39062 -3.918816 0.005852 0.929325 -0.034118 -0.367637
115.8871 551.1921 -14.42524 -4.191369 0.006496 0.929469 -0.034931 -0.367185
115.9909 550.9485 -14.46942 -4.451915 0.007093 0.929514 -0.035377 -0.367017
116.0946 550.7149 -14.50686 -4.70915 0.006075 0.929566 -0.035908 -0.366854
116.1983 550.4909 -14.54971 -4.953978 0.005615 0.929651 -0.037394 -0.366496
116.302 550.27 -14.58897 -5.187168 0.006401 0.929802 -0.039794 -0.365846
116.4056 550.0554 -14.62769 -5.411455 0.007899 0.930026 -0.041707 -0.365035
116.5094 549.8482 -14.65601 -5.634374 0.008874 0.930569 -0.042158 -0.363573
116.6133 549.6541 -14.68342 -5.853434 0.008044 0.931253 -0.042671 -0.361776
116.7167 549.4722 -14.70996 -6.063502 0.006808 0.931666 -0.042758 -0.360727
116.8205 549.302 -14.7354 -6.26449 0.005242 0.932101 -0.042884 -0.359612
116.9242 549.1413 -14.76442 -6.454319 0.004459 0.932656 -0.042266 -0.358255
117.028 548.9914 -14.79272 -6.627882 0.004355 0.933122 -0.042149 -0.357055
117.1316 548.8455 -14.81427 -6.789741 0.004836 0.933552 -0.042469 -0.355883
117.2354 548.7101 -14.83607 -6.943462 0.005357 0.933989 -0.042814 -0.354687
117.3391 548.5821 -14.85933 -7.090666 0.005774 0.934265 -0.043279 -0.353897
117.4429 548.4668 -14.88391 -7.227784 0.005203 0.934272 -0.043966 -0.353801
117.5467 548.3601 -14.90623 -7.359144 0.003715 0.934188 -0.044635 -0.353959
117.6504 548.2576 -14.92158 -7.479973 0.003581 0.934046 -0.045439 -0.354231
117.754 548.1601 -14.93536 -7.592526 0.00399 0.933906 -0.04601 -0.354524
117.8577 548.0696 -14.94831 -7.701283 0.004137 0.933746 -0.046609 -0.354864
117.9615 547.9875 -14.96149 -7.803179 0.003762 0.9338 -0.047174 -0.354652
118.0651 547.9093 -14.97381 -7.89946 0.003487 0.933996 -0.047474 -0.354097
118.1689 547.8349 -14.98586 -7.988359 0.003658 0.934048 -0.047419 -0.353967
118.2725 547.7689 -14.9999 -8.070234 0.003488 0.934087 -0.047594 -0.353841
118.3763 547.7082 -15.01146 -8.149215 0.002649 0.934139 -0.047959 -0.353662
118.4799 547.6514 -15.02425 -8.224501 0.001512 0.934213 -0.048005 -0.353468
118.5836 547.5926 -15.03338 -8.293718 0.001325 0.934292 -0.048099 -0.353247
118.6872 547.5348 -15.04238 -8.355707 0.001945 0.934364 -0.04832 -0.353024
118.791 547.4854 -15.05129 -8.414013 0.00226 0.934422 -0.048564 -0.352833
118.8948 547.4387 -15.05801 -8.468806 0.001773 0.934517 -0.048675 -0.35257
118.9985 547.392 -15.05839 -8.519784 0.001334 0.934572 -0.048907 -0.352394
119.1021 547.3512 -15.06466 -8.566595 0.001211 0.934629 -0.049186 -0.352205
119.2059 547.3123 -15.0754 -8.609266 0.001522 0.934688 -0.049383 -0.35202
119.3096 547.2762 -15.08357 -8.650922 0.001664 0.934731 -0.049568 -0.351878
119.4132 547.2431 -15.09153 -8.690682 0.001752 0.934778 -0.049877 -0.351708
119.517 547.2128 -15.09721 -8.72703 0.001609 0.934817 -0.050018 -0.351585
119.6207 547.1848 -15.10418 -8.759968 0.001567 0.93486 -0.050204 -0.351445
119.7244 547.1603 -15.11054 -8.788951 0.00161 0.934898 -0.050442 -0.35131
119.8281 547.1379 -15.11792 -8.816118 0.001684 0.934923 -0.050563 -0.351226
119.9319 547.1198 -15.12423 -8.840305 0.001604 0.934945 -0.050605 -0.35116
120.0355 547.1045 -15.13047 -8.861118 0.001515 0.934961 -0.050658 -0.351111
120.1392 547.093 -15.13445 -8.8782 0.001263 0.934985 -0.050742 -0.351036
120.2429 547.0839 -15.13715 -8.892504 0.001117 0.93501 -0.05077 -0.350966
120.3466 547.0765 -15.13958 -8.904703 0.001034 0.93502 -0.050803 -0.350936
120.4502 547.0695 -15.13853 -8.915003 0.00102 0.935011 -0.050953 -0.350938
120.554 547.0626 -15.13608 -8.925013 0.000901 0.935019 -0.051197 -0.350881
120.6576 547.0561 -15.13392 -8.935045 0.000711 0.935033 -0.051551 -0.350791
120.7614 547.0403 -15.12626 -8.948208 0.000549 0.935027 -0.051905 -0.350756
120.865 547.0253 -15.11998 -8.962217 0.000481 0.935037 -0.052098 -0.350702
120.9686 547.001 -15.10952 -8.980742 0.000463 0.93504 -0.052202 -0.350677
121.0724 546.9775 -15.10246 -9.002351 0.000492 0.935066 -0.052073 -0.350629
121.176 546.9518 -15.0971 -9.025308 0.000505 0.935106 -0.052012 -0.35053
121.2797 546.9287 -15.0958 -9.049068 0.000596 0.935086 -0.051948 -0.350592
121.3834 546.9063 -15.09607 -9.075048 0.00049 0.935085 -0.051778 -0.350621
121.4871 546.8811 -15.09673 -9.10493 0.000499 0.935106 -0.051825 -0.350559
121.5909 546.8532 -15.0981 -9.137999 0.000507 0.935112 -0.051711 -0.350558
121.6945 546.8233 -15.09999 -9.175395 0.000539 0.935081 -0.051558 -0.350663
121.7982 546.7919 -15.10353 -9.215737 0.000487 0.93508 -0.051327 -0.350699
121.902 546.7561 -15.11178 -9.260733 0.000271 0.935109 -0.051233 -0.350638
122.0056 546.7179 -15.11966 -9.30775 0.000116 0.935117 -0.051184 -0.350624
122.1094 546.6735 -15.13096 -9.359431 8.2e-05 0.935157 -0.051247 -0.350506
122.2131 546.627 -15.14222 -9.413047 0.000262 0.935209 -0.051374 -0.35035
122.3168 546.5777 -15.15641 -9.471357 0.000496 0.935207 -0.051413 -0.350349
122.4205 546.5255 -15.17102 -9.53299 0.000662 0.935169 -0.051581 -0.350425
122.5243 546.4698 -15.18833 -9.598824 0.000716 0.935169 -0.051687 -0.350408
122.628 546.4115 -15.20466 -9.667371 0.000629 0.935212 -0.051681 -0.350296
122.7316 546.35 -15.22117 -9.738525 0.000802 0.935237 -0.051652 -0.350233
122.8352 546.2866 -15.23978 -9.816256 0.000741 0.935243 -0.05137 -0.350259
122.939 546.2224 -15.25557 -9.896104 0.000469 0.935285 -0.050992 -0.350202
123.0426 546.1573 -15.27589 -9.976974 0.00022 0.935285 -0.050774 -0.350234
123.1462 546.088 -15.2909 -10.05776 0.000211 0.935291 -0.051119 -0.350168
123.25 546.0136 -15.30813 -10.14183 0.000742 0.935271 -0.051478 -0.350169
123.3536 545.939 -15.32616 -10.22762 0.001042 0.935194 -0.051711 -0.350338
123.4574 545.8625 -15.34651 -10.31362 0.001445 0.935226 -0.051744 -0.350246
123.561 545.7834 -15.36452 -10.39832 0.002842 0.935257 -0.05214 -0.350097
123.6648 545.7058 -15.38555 -10.48253 0.004226 0.935179 -0.052168 -0.350287
123.7685 545.6352 -15.40939 -10.566 0.004377 0.935201 -0.051738 -0.35029
123.8721 545.5695 -15.43089 -10.64666 0.003986 0.93526 -0.051351 -0.350194
123.9759 545.507 -15.45107 -10.72449 0.003749 0.935202 -0.051428 -0.350341
124.0796 545.4452 -15.46603 -10.79801 0.003889 0.93524 -0.051443 -0.350234
124.1832 545.3877 -15.4837 -10.86851 0.003964 0.935385 -0.051235 -0.349878
124.287 545.3342 -15.49952 -10.93349 0.004197 0.935485 -0.050939 -0.349652
124.3906 545.2863 -15.51831 -10.99491 0.00416 0.935568 -0.050343 -0.349516
124.4944 545.2426 -15.53084 -11.04965 0.004195 0.935708 -0.050033 -0.349183
