0.0 -5.551115e-17 -3.330669e-16 2.220446e-16 0.0 0.0 0.0 1.0
0.1033914 -0.01101102 -0.01712164 0.961713 0.002163 0.000768 -0.000354 0.999997
0.2071056 -0.01699529 -0.03304158 1.924885 0.002612 0.001063 0.000695 0.999996
0.3102615 -0.03106702 -0.06341853 2.888054 0.000457 0.001098 0.001438 0.999998
0.4136209 -0.04462738 -0.09503621 3.848312 -0.002772 0.00072 0.002187 0.999994
0.5179293 -0.05337242 -0.1222173 4.806551 -0.00233 3.5e-05 0.0044 0.999988
0.6203887 -0.06458549 -0.1448705 5.738958 -0.000807 -0.000492 0.005771 0.999983
0.7242193 -0.07542792 -0.1535673 6.676395 0.000726 -0.0009 0.006054 0.999981
0.8272107 -0.08936429 -0.1678814 7.606157 0.00105 -0.001304 0.00574 0.999982
0.930557 -0.1013034 -0.1791661 8.535486 -0.000105 -0.001773 0.005413 0.999984
1.03407 -0.1141317 -0.1865848 9.465868 -0.001571 -0.002118 0.005377 0.999982
1.137438 -0.1275574 -0.1916301 10.38892 -0.002229 -0.002615 0.005458 0.999979
1.244258 -0.1421945 -0.1997185 11.33952 -0.00256 -0.002918 0.006239 0.999973
1.344229 -0.1548813 -0.2155601 12.22345 -0.002508 -0.003397 0.006324 0.999971
1.447568 -0.1693123 -0.2354858 13.13325 -0.001722 -0.003739 0.006443 0.999971
1.551083 -0.1849063 -0.2602522 14.04136 -0.000619 -0.004513 0.006686 0.999967
1.654521 -0.1992846 -0.2760574 14.94552 1.3e-05 -0.00526 0.007344 0.999959
1.757843 -0.2169483 -0.2851106 15.84627 0.000287 -0.006095 0.007162 0.999956
1.861353 -0.236713 -0.293361 16.74309 0.00074 -0.006824 0.006516 0.999955
1.964724 -0.2548521 -0.2982439 17.63484 0.000772 -0.007685 0.005793 0.999953
2.068236 -0.2730779 -0.3044055 18.52684 0.000288 -0.008461 0.006066 0.999946
2.17162 -0.2937433 -0.3138402 19.41419 -0.000406 -0.009126 0.005746 0.999942
2.275131 -0.3146034 -0.3236882 20.29478 -0.000575 -0.009877 0.005667 0.999935
2.378626 -0.3335669 -0.3220398 21.1689 -0.000551 -0.010744 0.00624 0.999923
2.48201 -0.3517749 -0.3205089 22.03793 -0.000239 -0.011544 0.006347 0.999913
2.585514 -0.372549 -0.3172185 22.90089 -0.000471 -0.012054 0.006313 0.999907
2.689023 -0.3933684 -0.3159266 23.75773 -0.001452 -0.012575 0.006202 0.999901
2.793694 -0.4121035 -0.3140241 24.61543 -0.00289 -0.012976 0.006857 0.999888
2.896139 -0.4280328 -0.3057383 25.44218 -0.003566 -0.013315 0.006687 0.999883
2.999556 -0.4474023 -0.2988492 26.26621 -0.002969 -0.013701 0.006454 0.999881
3.103545 -0.4690774 -0.293049 27.08037 -0.001584 -0.014089 0.005738 0.999883
3.206573 -0.491623 -0.2934051 27.87697 -0.00078 -0.014482 0.005473 0.99988
3.310078 -0.5147234 -0.2982767 28.66957 -0.000546 -0.014954 0.005111 0.999875
3.413963 -0.5377287 -0.3030386 29.45471 -0.000346 -0.01566 0.005218 0.999864
3.517076 -0.5610502 -0.3024561 30.22665 -3.7e-05 -0.016595 0.005061 0.999849
3.620721 -0.5837097 -0.2893166 30.99325 0.000151 -0.01752 0.005068 0.999834
3.724674 -0.6098827 -0.284946 31.75331 -0.00042 -0.018546 0.005236 0.999814
3.827725 -0.6373473 -0.2859582 32.49745 -0.001748 -0.019521 0.005256 0.999794
3.931241 -0.669497 -0.2913155 33.2349 -0.002375 -0.02044 0.004888 0.999776
4.034871 -0.7070281 -0.2980989 33.96228 -0.002491 -0.021414 0.00416 0.999759
4.142151 -0.7475972 -0.3011809 34.70353 -0.002035 -0.022326 0.002831 0.999745
4.243437 -0.7861231 -0.3012987 35.39317 -0.001607 -0.023207 0.002076 0.999727
4.345966 -0.8225011 -0.2935002 36.08573 -0.002315 -0.023963 0.001857 0.999708
4.449183 -0.8579745 -0.2845601 36.77338 -0.003094 -0.024484 0.001287 0.999695
4.552519 -0.8979841 -0.2829222 37.44921 -0.003427 -0.024455 -0.000219 0.999695
4.656235 -0.9356939 -0.2753503 38.11124 -0.002351 -0.023923 -0.001819 0.999709
4.760815 -0.966244 -0.2643952 38.76355 -0.00066 -0.023033 -0.002662 0.999731
4.863788 -0.9940685 -0.2590333 39.40063 0.000345 -0.021956 -0.002865 0.999755
4.966824 -1.022967 -0.2546909 40.03748 -0.0001 -0.020429 -0.003463 0.999785
5.073257 -1.054571 -0.2561416 40.68683 -0.001656 -0.018663 -0.005958 0.999807
5.174268 -1.082779 -0.2559993 41.29211 -0.003505 -0.016768 -0.008151 0.99982
5.277498 -1.107347 -0.2542439 41.89089 -0.003906 -0.014621 -0.010603 0.999829
5.381142 -1.127463 -0.2504927 42.47569 -0.003968 -0.011934 -0.012465 0.999843
5.484644 -1.143225 -0.2472759 43.04425 -0.004988 -0.009052 -0.014312 0.999844
5.588095 -1.156523 -0.2461265 43.59239 -0.00575 -0.005702 -0.016832 0.999826
5.691619 -1.163695 -0.2463307 44.11947 -0.005481 -0.002138 -0.018497 0.999812
5.795223 -1.165311 -0.2460311 44.62705 -0.005745 0.001514 -0.020267 0.999777
5.898736 -1.165281 -0.2401569 45.11047 -0.005585 0.005281 -0.022509 0.999717
6.002373 -1.162119 -0.2348502 45.57447 -0.004201 0.009166 -0.024708 0.999644
6.10587 -1.153911 -0.2368661 46.01395 -0.002645 0.013182 -0.025574 0.999583
6.209506 -1.139704 -0.2380301 46.43562 -0.002932 0.017158 -0.025821 0.999515
6.313021 -1.11911 -0.2395256 46.83267 -0.003698 0.021039 -0.02559 0.999444
6.416516 -1.098158 -0.2391747 47.20456 -0.00425 0.025078 -0.026495 0.999325
6.524037 -1.077742 -0.2387525 47.56732 -0.004383 0.029656 -0.028247 0.999151
6.623722 -1.059487 -0.2404154 47.8784 -0.00434 0.033887 -0.030591 0.998948
6.727294 -1.036133 -0.2443984 48.17664 -0.004617 0.038418 -0.032418 0.998725
6.830809 -1.006263 -0.2532706 48.45088 -0.004936 0.043078 -0.032181 0.998541
6.934429 -0.9730963 -0.2607772 48.71656 -0.004081 0.048479 -0.031647 0.998314
7.038067 -0.9369557 -0.2675893 48.97559 -0.00186 0.054542 -0.030924 0.998031
7.141701 -0.8977462 -0.2734425 49.23239 6.8e-05 0.061244 -0.031314 0.997631
7.24533 -0.8567415 -0.280568 49.48708 0.000747 0.069122 -0.0322 0.997088
7.3533 -0.8084309 -0.2860922 49.7497 0.001036 0.077692 -0.033182 0.996425
7.452592 -0.7577117 -0.2915714 49.98615 0.001381 0.085891 -0.033369 0.995745
7.55658 -0.6971579 -0.2967619 50.23058 0.001716 0.095111 -0.032981 0.994919
7.663357 -0.6296551 -0.3022908 50.47733 0.001659 0.105249 -0.03254 0.993912
7.763356 -0.5626253 -0.3067843 50.70727 0.001961 0.115218 -0.032767 0.992798
7.866988 -0.4889211 -0.3117062 50.9453 0.00272 0.126111 -0.033751 0.991438
7.970621 -0.4074937 -0.3179085 51.18149 0.003361 0.137792 -0.034347 0.98986
8.07425 -0.3172192 -0.3255041 51.4202 0.003374 0.15046 -0.035005 0.98799
8.177962 -0.2212449 -0.3340796 51.6593 0.003147 0.163886 -0.036548 0.985797
8.283921 -0.114714 -0.3439537 51.90075 0.003033 0.178498 -0.037842 0.983208
8.385961 0.0002735872 -0.3544958 52.12982 0.003099 0.193397 -0.038219 0.980371
8.488779 0.1309526 -0.3642721 52.35595 0.003808 0.209336 -0.037192 0.977129
8.593446 0.2760316 -0.3733939 52.58045 0.005035 0.226974 -0.03566 0.973235
8.696029 0.4279778 -0.3824345 52.80031 0.006841 0.245342 -0.035146 0.968775
8.799662 0.5907911 -0.3919068 53.01901 0.00881 0.264494 -0.035673 0.963687
8.903911 0.7701079 -0.4025973 53.24411 0.010317 0.284532 -0.036442 0.957918
9.008027 0.965237 -0.4147601 53.4728 0.011209 0.305496 -0.037856 0.951375
9.11058 1.172293 -0.4302534 53.69477 0.011281 0.326822 -0.040065 0.944169
9.214197 1.401712 -0.4467404 53.9268 0.011184 0.348797 -0.042559 0.936165
9.317832 1.658262 -0.4647131 54.15343 0.011591 0.371746 -0.043116 0.92726
9.421456 1.94608 -0.4776399 54.36895 0.011491 0.395609 -0.04209 0.917382
9.525112 2.269729 -0.4777691 54.58519 0.011867 0.419602 -0.041401 0.906686
9.630085 2.612681 -0.4832195 54.78988 0.012203 0.44446 -0.041317 0.894762
9.732384 2.973763 -0.4792758 54.98383 0.013494 0.469303 -0.040851 0.881988
9.836009 3.359263 -0.4860892 55.16957 0.013629 0.494222 -0.040433 0.868288
9.939685 3.766145 -0.4913921 55.33541 0.012958 0.518292 -0.039939 0.854172
10.0439 4.198361 -0.5166196 55.48396 0.011529 0.541868 -0.040087 0.839428
10.14677 4.641416 -0.5396177 55.61845 0.00966 0.564267 -0.041668 0.824484
10.25036 5.103719 -0.5645924 55.72143 0.010873 0.585729 -0.041833 0.809354
10.35367 5.585536 -0.5957735 55.80227 0.013171 0.605604 -0.037919 0.794753
10.45717 6.088519 -0.6266796 55.85617 0.016171 0.623623 -0.032507 0.780881
10.56299 6.612372 -0.6532414 55.9028 0.018569 0.640777 -0.029731 0.766927
10.66453 7.126377 -0.6821309 55.9379 0.020792 0.655281 -0.029823 0.75451
10.76705 7.658631 -0.724289 55.95413 0.023667 0.667473 -0.027191 0.743761
10.87022 8.20958 -0.7737852 55.97135 0.025095 0.678329 -0.024681 0.733915
10.97342 8.774944 -0.8137508 55.97751 0.026456 0.687476 -0.021849 0.725396
11.0772 9.351661 -0.857379 55.98323 0.028223 0.694596 -0.020242 0.718561
11.18019 9.933246 -0.9020616 55.98182 0.029777 0.700165 -0.019901 0.713082
11.28415 10.53767 -0.947374 55.97984 0.029626 0.704962 -0.019659 0.708353
11.3859 11.13754 -0.9965387 55.979 0.029835 0.709014 -0.019872 0.704283
11.48898 11.75501 -1.055254 55.96304 0.03259 0.712053 -0.019472 0.701098
11.59255 12.38276 -1.117194 55.92954 0.034771 0.714329 -0.018586 0.698699
11.69527 13.02027 -1.167977 55.90304 0.034453 0.715976 -0.01823 0.697035
11.79949 13.67308 -1.217524 55.8833 0.032723 0.717298 -0.01826 0.695758
11.90171 14.33357 -1.269538 55.85852 0.02928 0.718231 -0.016374 0.694996
12.00482 15.01321 -1.317429 55.82149 0.027707 0.718749 -0.013776 0.694581
12.108 15.69798 -1.366117 55.77901 0.027879 0.718939 -0.012071 0.694409
12.21119 16.38718 -1.417061 55.74074 0.029805 0.718834 -0.011788 0.694442
12.3145 17.08252 -1.462354 55.70318 0.033056 0.718559 -0.014254 0.694534
12.41765 17.78472 -1.502437 55.6721 0.036033 0.717742 -0.016832 0.695173
12.52105 18.50468 -1.545746 55.643 0.037063 0.716982 -0.016843 0.695902
12.62455 19.24155 -1.593908 55.61503 0.034963 0.716305 -0.015426 0.69674
12.72743 19.97824 -1.647724 55.59027 0.032213 0.715495 -0.012855 0.697757
12.83073 20.71281 -1.696725 55.56904 0.031192 0.71456 -0.013396 0.69875
12.93413 21.4385 -1.741686 55.53688 0.036054 0.713378 -0.012536 0.699739
13.03771 22.16714 -1.787932 55.51011 0.038716 0.712138 -0.013699 0.700837
13.14165 22.90332 -1.839076 55.50537 0.036519 0.711335 -0.016231 0.701716
13.24421 23.63216 -1.895775 55.50164 0.034416 0.710195 -0.016574 0.702968
13.34803 24.37331 -1.955801 55.48454 0.033809 0.708603 -0.013244 0.704673
13.45277 25.11164 -2.008471 55.46362 0.036511 0.707441 -0.012367 0.70572
13.55488 25.83505 -2.059391 55.46181 0.037786 0.706311 -0.013951 0.706755
13.65796 26.56806 -2.113697 55.47262 0.037103 0.705046 -0.015636 0.708018
13.76127 27.30492 -2.167614 55.48963 0.036343 0.703692 -0.015528 0.709405
13.86467 28.04413 -2.226546 55.49768 0.037018 0.702348 -0.013004 0.710752
13.96817 28.77765 -2.288673 55.51027 0.038633 0.700947 -0.011281 0.712077
14.07164 29.51232 -2.343893 55.52232 0.040082 0.699663 -0.010642 0.713269
14.17505 30.2463 -2.395401 55.5362 0.040293 0.698681 -0.010679 0.714217
14.2786 30.98559 -2.445222 55.54859 0.040544 0.697427 -0.009676 0.715443
14.38212 31.7263 -2.496112 55.56188 0.040525 0.696112 -0.008549 0.716737
14.4855 32.46495 -2.537443 55.58466 0.040624 0.695075 -0.009324 0.717728
14.58897 33.2074 -2.578228 55.61348 0.040178 0.693954 -0.010774 0.718817
14.69245 33.95101 -2.620601 55.63975 0.040943 0.692926 -0.01015 0.719774
14.79597 34.69841 -2.667716 55.67316 0.039878 0.691915 -0.010915 0.720794
14.89949 35.44252 -2.711893 55.7093 0.039855 0.691172 -0.011588 0.721497
15.00287 36.19785 -2.761384 55.74855 0.038358 0.690023 -0.012729 0.722658
15.1064 36.95093 -2.812393 55.78704 0.038749 0.688784 -0.013847 0.723798
15.20987 37.70474 -2.867554 55.8266 0.040011 0.687581 -0.015639 0.724836
15.31336 38.46575 -2.922992 55.86855 0.040455 0.68634 -0.016219 0.725974
15.41675 39.23007 -2.973413 55.92107 0.03944 0.685156 -0.019099 0.727077
15.52022 40.0022 -3.024315 55.97631 0.037585 0.684186 -0.020006 0.728064
15.62392 40.7783 -3.080932 56.02494 0.03863 0.682862 -0.019404 0.729267
15.7272 41.5555 -3.135919 56.07788 0.038849 0.681364 -0.01989 0.730642
15.83062 42.33951 -3.188774 56.1413 0.03764 0.680033 -0.021743 0.731892
15.93425 43.13031 -3.244326 56.20333 0.037191 0.678516 -0.02145 0.73333
16.03941 43.93795 -3.297181 56.26972 0.036624 0.676685 -0.02088 0.735065
16.14091 44.71372 -3.352539 56.34391 0.03719 0.674812 -0.023583 0.736675
16.2443 45.5044 -3.40258 56.42297 0.040186 0.672421 -0.027203 0.738576
16.34828 46.30756 -3.461241 56.5081 0.041294 0.669551 -0.029187 0.741043
16.45345 47.12224 -3.525277 56.60533 0.040852 0.666769 -0.031251 0.743487
16.55445 47.91411 -3.592468 56.70663 0.038703 0.664149 -0.03172 0.745924
16.65802 48.72687 -3.662244 56.81192 0.03805 0.661293 -0.031075 0.748517
16.7614 49.54068 -3.727642 56.92162 0.037033 0.658612 -0.030028 0.75097
16.86471 50.35682 -3.792894 57.04097 0.033999 0.655836 -0.028647 0.753593
16.96808 51.16788 -3.850124 57.16787 0.03073 0.653182 -0.027028 0.756095
17.07343 51.98907 -3.91255 57.29726 0.029245 0.650289 -0.025906 0.758681
17.17558 52.77379 -3.968025 57.4249 0.030617 0.647532 -0.026748 0.760953
17.27948 53.56153 -4.023164 57.56033 0.033028 0.645241 -0.028546 0.762731
17.38334 54.34318 -4.082523 57.69851 0.034532 0.643159 -0.030274 0.764354
17.48544 55.10439 -4.143701 57.83752 0.034701 0.641261 -0.031661 0.765883
17.58887 55.87053 -4.204409 57.9795 0.033892 0.639139 -0.032031 0.767676
17.69388 56.64546 -4.26212 58.12033 0.034103 0.637138 -0.029656 0.769423
17.79578 57.38911 -4.318314 58.26251 0.032247 0.635486 -0.027349 0.770954
17.89936 58.13668 -4.369152 58.41357 0.028413 0.634381 -0.025682 0.772071
18.00309 58.87601 -4.420802 58.56727 0.026149 0.633154 -0.025807 0.773154
18.10634 59.59961 -4.467621 58.71611 0.025701 0.631869 -0.026442 0.774197
18.20979 60.31245 -4.516372 58.86609 0.025847 0.630975 -0.027822 0.774873
18.31337 61.01319 -4.564529 59.02108 0.025814 0.630347 -0.030509 0.775284
18.41719 61.70436 -4.614787 59.17238 0.027017 0.62947 -0.03241 0.775878
18.52047 62.38199 -4.657586 59.32091 0.028884 0.628574 -0.034229 0.776459
18.62397 63.05593 -4.706379 59.46843 0.02982 0.627916 -0.034652 0.776937
18.72749 63.72231 -4.758759 59.61689 0.02883 0.627432 -0.03526 0.777338
18.83095 64.3816 -4.814707 59.76019 0.027728 0.627221 -0.034369 0.777589
18.93468 65.03281 -4.867829 59.90218 0.026615 0.627087 -0.03345 0.777776
19.03803 65.67175 -4.913385 60.03522 0.02651 0.627204 -0.032903 0.777708
19.14151 66.30099 -4.9654 60.16765 0.026229 0.627831 -0.032673 0.777221
19.2455 66.92208 -5.018319 60.29836 0.025967 0.628491 -0.033328 0.776668
19.3518 67.54573 -5.076711 60.43224 0.026889 0.629369 -0.034802 0.775861
19.45211 68.12018 -5.130339 60.55436 0.028916 0.630224 -0.0354 0.775067
19.55775 68.72472 -5.182058 60.67792 0.029977 0.630944 -0.034806 0.774467
19.66007 69.30307 -5.231855 60.80309 0.029257 0.631818 -0.034771 0.773783
19.76396 69.88288 -5.285896 60.91928 0.027996 0.632899 -0.033996 0.772981
19.86698 70.44995 -5.342758 61.033 0.026312 0.63378 -0.032503 0.772382
19.96985 71.00066 -5.393054 61.14039 0.027069 0.634568 -0.031239 0.771761
20.07335 71.54538 -5.440828 61.24382 0.029525 0.635277 -0.03052 0.771116
20.17718 72.08654 -5.485365 61.34673 0.031678 0.636234 -0.029886 0.770266
20.28031 72.62287 -5.532216 61.45078 0.032343 0.636835 -0.030948 0.7697
20.38385 73.15814 -5.583135 61.55451 0.033179 0.637292 -0.031776 0.769252
20.48764 73.70114 -5.63017 61.65701 0.033075 0.637804 -0.030615 0.768879
20.59089 74.24267 -5.676448 61.7495 0.034851 0.637588 -0.027982 0.76908
20.69425 74.78759 -5.7208 61.84178 0.036491 0.636654 -0.025985 0.769847
20.79773 75.33524 -5.768173 61.94475 0.037058 0.63591 -0.024855 0.770472
20.90208 75.88674 -5.817062 62.05821 0.035768 0.63453 -0.02571 0.771642
21.00461 76.43447 -5.862448 62.17121 0.035858 0.632335 -0.025985 0.773428
21.1082 76.9926 -5.912287 62.29135 0.036091 0.62965 -0.025284 0.775629
21.21357 77.56843 -5.961148 62.42394 0.035802 0.626362 -0.025112 0.778305
21.3161 78.12868 -6.008758 62.55305 0.035502 0.623147 -0.024962 0.780899
21.41797 78.69259 -6.059871 62.69195 0.033855 0.61954 -0.025856 0.783809
21.52429 79.28502 -6.107865 62.8458 0.033446 0.61548 -0.026253 0.787005
21.6248 79.85086 -6.150779 63.00502 0.033202 0.61154 -0.028557 0.79
21.73033 80.4534 -6.192815 63.17985 0.033079 0.607495 -0.030566 0.793045
21.833 81.04837 -6.239009 63.35684 0.032385 0.602965 -0.032379 0.796453
21.93617 81.65468 -6.285674 63.54111 0.03264 0.598629 -0.033438 0.799663
22.03841 82.26579 -6.324963 63.74049 0.032093 0.594465 -0.034325 0.802747
22.14192 82.89509 -6.371173 63.94808 0.032098 0.590062 -0.034961 0.805962
22.24529 83.53476 -6.414738 64.1668 0.031237 0.585627 -0.036094 0.809174
22.34879 84.19403 -6.458457 64.39981 0.029314 0.581185 -0.034252 0.812522
22.45217 84.86139 -6.498607 64.63735 0.02768 0.576694 -0.030574 0.815918
22.55569 85.53876 -6.545009 64.88814 0.026668 0.571982 -0.028726 0.819329
22.65944 86.22445 -6.585584 65.15377 0.025582 0.567614 -0.027691 0.822431
22.76249 86.92746 -6.605047 65.4284 0.026792 0.563737 -0.024401 0.825159
22.86596 87.63165 -6.624344 65.70333 0.028097 0.559749 -0.021297 0.827912
22.96953 88.35787 -6.646336 65.99341 0.027898 0.556763 -0.015617 0.830056
23.07297 89.07692 -6.684073 66.28897 0.029085 0.553549 -0.012415 0.832216
23.17661 89.79244 -6.725361 66.59944 0.029954 0.550251 -0.01208 0.834374
23.28004 90.50245 -6.763694 66.90709 0.034142 0.546745 -0.013041 0.836501
23.38467 91.2181 -6.813377 67.22868 0.038398 0.543379 -0.013113 0.838507
23.48762 91.92183 -6.870738 67.55932 0.037984 0.540908 -0.014307 0.840102
23.59065 92.60904 -6.914272 67.90371 0.03551 0.538776 -0.017266 0.841523
23.69454 93.28887 -6.975179 68.24748 0.034347 0.536866 -0.020067 0.842729
23.79821 93.9613 -7.03488 68.58083 0.035573 0.534814 -0.021331 0.843951
23.90351 94.63312 -7.110019 68.92013 0.036295 0.532781 -0.02348 0.845148
24.00458 95.27546 -7.183014 69.2482 0.036217 0.531115 -0.025268 0.846148
24.10822 95.92749 -7.259679 69.5824 0.034981 0.529237 -0.025083 0.847381
24.21321 96.58342 -7.329268 69.91299 0.0339 0.527269 -0.023663 0.848692
24.31511 97.20647 -7.398532 70.23613 0.032655 0.525707 -0.023072 0.849726
24.4221 97.84561 -7.469536 70.56975 0.031689 0.523982 -0.023173 0.850824
24.52242 98.43505 -7.533159 70.88389 0.031975 0.522347 -0.024209 0.851789
24.62531 99.03309 -7.592121 71.19793 0.032657 0.521024 -0.023989 0.85258
24.72875 99.6279 -7.650212 71.50888 0.032807 0.520058 -0.022839 0.853195
24.8322 100.2122 -7.709739 71.81621 0.033334 0.519254 -0.021955 0.853687
24.93558 100.7869 -7.766662 72.12549 0.03261 0.518374 -0.0223 0.854241
25.03909 101.353 -7.82354 72.43265 0.033064 0.517423 -0.021836 0.854812
25.1425 101.9055 -7.88334 72.73582 0.034039 0.51612 -0.022543 0.855542
25.24597 102.4447 -7.943074 73.03236 0.034957 0.514651 -0.021655 0.856413
25.34936 102.983 -8.002376 73.32849 0.03586 0.513178 -0.020747 0.857282
25.45275 103.5115 -8.05369 73.6209 0.036518 0.511647 -0.019412 0.8582
25.5563 104.0361 -8.096619 73.90981 0.036905 0.509989 -0.018688 0.859186
25.65963 104.5505 -8.139292 74.19588 0.037281 0.508436 -0.018279 0.860098
25.76316 105.0601 -8.181955 74.48234 0.037402 0.506772 -0.017855 0.861083
25.86653 105.564 -8.22375 74.76626 0.038094 0.505091 -0.017206 0.862053
25.97023 106.0641 -8.265059 75.05403 0.038689 0.503147 -0.017679 0.863153
26.07453 106.565 -8.308372 75.34311 0.039917 0.501003 -0.017125 0.864355
26.17779 107.0595 -8.363102 75.63421 0.040647 0.498574 -0.018784 0.86569
26.28004 107.5403 -8.418748 75.92569 0.042159 0.495732 -0.02139 0.867188
26.38451 108.0289 -8.475876 76.22883 0.043235 0.492638 -0.024931 0.868802
26.48695 108.5079 -8.530283 76.53231 0.044112 0.489391 -0.028102 0.870494
26.59019 108.9938 -8.586122 76.8408 0.045113 0.485984 -0.030171 0.872281
26.69358 109.4846 -8.642339 77.16092 0.043114 0.483135 -0.031499 0.873916
26.79695 109.9856 -8.706456 77.48994 0.039386 0.480281 -0.032942 0.87561
26.90036 110.4964 -8.763095 77.82451 0.035178 0.47721 -0.033936 0.877429
27.00385 111.0125 -8.817849 78.17109 0.030978 0.474122 -0.035042 0.879216
27.10725 111.5367 -8.867411 78.51965 0.028831 0.470863 -0.035235 0.881031
27.2106 112.0557 -8.915374 78.87613 0.028556 0.467269 -0.037478 0.882859
27.31399 112.5829 -8.963221 79.24678 0.02884 0.463905 -0.039577 0.88453
27.41742 113.1161 -9.011645 79.62766 0.029388 0.460459 -0.041227 0.886236
27.52075 113.6686 -9.057118 80.01888 0.029529 0.456923 -0.042251 0.888011
27.62417 114.2286 -9.105368 80.42589 0.028478 0.453388 -0.043347 0.889803
27.72769 114.7933 -9.158005 80.84871 0.026488 0.449789 -0.045476 0.891583
27.83108 115.3671 -9.217043 81.28451 0.025225 0.44585 -0.044852 0.893627
27.93446 115.9476 -9.273702 81.72926 0.024374 0.441656 -0.044205 0.895763
28.03782 116.5301 -9.317811 82.18891 0.02417 0.43736 -0.0444 0.897865
28.14105 117.1091 -9.366338 82.66397 0.022968 0.432876 -0.046337 0.899969
28.24442 117.7001 -9.410224 83.15109 0.023279 0.428307 -0.046485 0.902136
28.34803 118.2986 -9.457628 83.65236 0.022949 0.424288 -0.047086 0.904011
28.45134 118.9071 -9.501459 84.16417 0.022329 0.421266 -0.046625 0.905462
28.55481 119.523 -9.549903 84.68521 0.022065 0.419135 -0.045947 0.906492
28.66087 120.1636 -9.590647 85.22386 0.022908 0.417036 -0.044094 0.907531
28.76183 120.7812 -9.63523 85.74376 0.024079 0.415185 -0.041576 0.908467
28.86683 121.4334 -9.682937 86.29266 0.024745 0.41316 -0.03752 0.909549
28.97069 122.0849 -9.728697 86.85165 0.024849 0.411202 -0.034385 0.910557
29.07355 122.73 -9.773963 87.405 0.024948 0.409263 -0.031236 0.91154
29.17674 123.3777 -9.820354 87.97821 0.024503 0.407265 -0.030839 0.91246
29.27933 124.0203 -9.868055 88.55484 0.025141 0.405351 -0.031488 0.913273
29.38483 124.6768 -9.916275 89.16047 0.024484 0.403122 -0.034294 0.914176
29.48639 125.3111 -9.964397 89.75362 0.023303 0.401304 -0.036693 0.914913
29.58938 125.9636 -10.01373 90.35993 0.020773 0.399543 -0.036045 0.91577
29.69289 126.619 -10.0578 90.97676 0.017416 0.397368 -0.03595 0.91679
29.79633 127.2756 -10.10087 91.59686 0.014407 0.395296 -0.03438 0.917797
29.89982 127.9271 -10.14276 92.21818 0.013514 0.392501 -0.032412 0.919081
30.00317 128.5815 -10.1842 92.84078 0.01545 0.389636 -0.03011 0.920347
30.10656 129.2245 -10.23342 93.4639 0.02061 0.386351 -0.026332 0.921745
30.21163 129.8788 -10.28691 94.10638 0.025752 0.382846 -0.025213 0.923109
30.31333 130.5065 -10.3407 94.74426 0.027742 0.379161 -0.024461 0.924591
30.41669 131.1491 -10.39963 95.40323 0.027035 0.375417 -0.022661 0.926184
30.52007 131.7916 -10.456 96.07042 0.026085 0.371564 -0.019666 0.927833
30.62358 132.4272 -10.50523 96.742 0.027601 0.368015 -0.01787 0.929238
30.72698 133.059 -10.55248 97.41926 0.030331 0.364875 -0.017521 0.930397
30.83033 133.6847 -10.60432 98.10439 0.031643 0.362329 -0.018508 0.931329
30.93384 134.3191 -10.66004 98.79631 0.030692 0.360206 -0.016777 0.932217
31.03735 134.9539 -10.71551 99.48856 0.029477 0.358601 -0.014514 0.932913
31.14277 135.6011 -10.77139 100.1963 0.028945 0.357683 -0.012598 0.933309
31.24424 136.2215 -10.81998 100.8793 0.028283 0.357331 -0.010501 0.93349
31.34774 136.8528 -10.86978 101.5789 0.02756 0.35715 -0.010274 0.933584
31.45126 137.4843 -10.91832 102.2803 0.026857 0.357262 -0.010656 0.933557
31.55559 138.1207 -10.96869 102.9852 0.027307 0.357598 -0.011726 0.933403
31.66173 138.7684 -11.01807 103.7008 0.027515 0.35849 -0.013897 0.933024
31.7632 139.3904 -11.06529 104.3827 0.027394 0.359747 -0.015746 0.932515
31.86588 140.0213 -11.11507 105.0727 0.026364 0.361067 -0.017762 0.931998
31.97085 140.6686 -11.1641 105.7715 0.02557 0.362708 -0.018528 0.931368
32.07411 141.3096 -11.21534 106.457 0.024886 0.364307 -0.018746 0.930758
32.17664 141.9472 -11.26171 107.1334 0.023028 0.366001 -0.018712 0.930141
32.28017 142.5933 -11.3094 107.8056 0.022912 0.367886 -0.016723 0.929438
32.38256 143.2295 -11.35965 108.4648 0.024955 0.369809 -0.018119 0.928596
32.48611 143.8589 -11.4107 109.1244 0.028812 0.371952 -0.022353 0.927535
32.58989 144.4994 -11.4626 109.7839 0.030743 0.374087 -0.02436 0.926564
32.69468 145.1538 -11.52141 110.4492 0.027489 0.376554 -0.024666 0.925658
32.79656 145.7899 -11.57854 111.0957 0.024349 0.378937 -0.024949 0.924766
32.90229 146.4484 -11.63357 111.754 0.022957 0.381264 -0.025271 0.923835
33.00343 147.0826 -11.68264 112.3782 0.022844 0.383395 -0.025102 0.922961
33.1068 147.7333 -11.73221 113.0076 0.023101 0.385421 -0.024153 0.922135
33.2116 148.3963 -11.78416 113.6394 0.02471 0.387346 -0.022818 0.921321
33.31472 149.0522 -11.835 114.2503 0.02665 0.389589 -0.021839 0.920344
33.41709 149.7073 -11.88352 114.8427 0.028426 0.392109 -0.021163 0.919236
33.52052 150.3763 -11.92783 115.4384 0.028669 0.394637 -0.021411 0.91814
33.62398 151.0476 -11.97578 116.0372 0.028243 0.397238 -0.022376 0.917008
33.72776 151.7272 -12.02409 116.6342 0.028054 0.400478 -0.022316 0.915605
33.83082 152.4041 -12.07204 117.2224 0.028305 0.403912 -0.023766 0.914051
33.93465 153.086 -12.12501 117.8158 0.029315 0.407662 -0.026881 0.912266
34.03788 153.7739 -12.17933 118.3992 0.031596 0.411323 -0.029175 0.910475
34.14223 154.4786 -12.23831 118.9893 0.032456 0.415202 -0.029629 0.908667
34.2447 155.189 -12.299 119.5662 0.028616 0.419169 -0.028718 0.907002
34.34807 155.9127 -12.36503 120.152 0.022219 0.4234 -0.029276 0.905197
34.45159 156.6454 -12.42646 120.7245 0.019357 0.427807 -0.027655 0.903239
34.55509 157.3838 -12.47643 121.2983 0.017936 0.431904 -0.029609 0.901255
34.6591 158.1338 -12.52578 121.8681 0.019412 0.436495 -0.029442 0.899015
34.76471 158.9058 -12.58374 122.4322 0.022698 0.440199 -0.028207 0.89717
34.86617 159.646 -12.63933 122.9716 0.027147 0.444045 -0.030188 0.895084
34.96903 160.4008 -12.70216 123.5094 0.030127 0.448279 -0.029279 0.892906
35.07486 161.1947 -12.77762 124.0636 0.028867 0.452394 -0.027395 0.89093
35.17679 161.9638 -12.85193 124.5828 0.027594 0.456354 -0.02458 0.889031
35.27949 162.7291 -12.9194 125.0909 0.027916 0.459951 -0.024113 0.887178
35.38277 163.4987 -12.98726 125.6019 0.028243 0.463561 -0.023646 0.885299
35.48628 164.2698 -13.05527 126.1138 0.028567 0.467164 -0.023159 0.883406
35.58968 165.0417 -13.12226 126.6042 0.027828 0.469996 -0.020313 0.881996
35.69316 165.8008 -13.18289 127.092 0.026255 0.472687 -0.019251 0.880629
35.79654 166.5531 -13.23954 127.577 0.024987 0.475025 -0.019473 0.879402
35.90004 167.2915 -13.29978 128.0524 0.026148 0.477399 -0.020488 0.878058
36.00601 168.0469 -13.36429 128.5271 0.028296 0.479363 -0.021323 0.876901
36.1082 168.764 -13.42431 128.9792 0.030824 0.480847 -0.02277 0.875967
36.2103 169.4764 -13.48459 129.4289 0.030577 0.482604 -0.024329 0.874966
36.3137 170.1931 -13.54899 129.8817 0.027981 0.484083 -0.02288 0.874275
36.41707 170.9121 -13.61181 130.3215 0.02517 0.48537 -0.019567 0.873728
36.52046 171.6213 -13.67121 130.7525 0.024813 0.486764 -0.016947 0.873017
36.62397 172.3205 -13.72813 131.175 0.027119 0.488127 -0.014903 0.872224
36.72736 173.0101 -13.7841 131.5931 0.029344 0.489256 -0.015434 0.87151
36.83074 173.6861 -13.84508 132.0073 0.031676 0.490247 -0.017957 0.870823
36.93469 174.3545 -13.90627 132.4182 0.034877 0.49128 -0.021108 0.870047
37.04037 175.035 -13.96378 132.827 0.037635 0.492399 -0.020233 0.86932
37.14102 175.6897 -14.01825 133.2184 0.033959 0.493768 -0.018785 0.868727
37.2447 176.3532 -14.07865 133.6308 0.0257 0.495614 -0.018737 0.86796
37.34788 177.0072 -14.134 134.0303 0.020043 0.497307 -0.020366 0.867104
37.4514 177.652 -14.18089 134.4121 0.020554 0.498387 -0.02115 0.866453
37.55479 178.2937 -14.22293 134.7778 0.023899 0.499519 -0.021107 0.865716
37.65815 178.9314 -14.26465 135.1404 0.025089 0.500764 -0.021275 0.864959
37.76167 179.5573 -14.31261 135.5048 0.02446 0.502084 -0.021204 0.864213
37.86507 180.1748 -14.36322 135.8638 0.023439 0.503475 -0.021178 0.863432
37.96855 180.7795 -14.41258 136.2166 0.023311 0.504734 -0.021061 0.862703
38.07239 181.3913 -14.45852 136.5576 0.024255 0.506198 -0.020701 0.861828
38.17612 181.9903 -14.50312 136.8908 0.025503 0.508092 -0.020996 0.860669
38.27881 182.5812 -14.54745 137.2138 0.026327 0.510196 -0.021678 0.859382
38.38232 183.1665 -14.59096 137.5326 0.027127 0.512505 -0.022261 0.857967
38.48583 183.7467 -14.63103 137.8441 0.028102 0.514987 -0.023177 0.856424
38.58933 184.3283 -14.67151 138.1496 0.030115 0.517788 -0.023758 0.854649
38.69272 184.9104 -14.71237 138.45 0.032183 0.520849 -0.024119 0.852701
38.79634 185.5029 -14.7551 138.7526 0.032331 0.523964 -0.025407 0.850747
38.89992 186.0967 -14.79763 139.0562 0.030966 0.527163 -0.027362 0.848759
39.00324 186.7023 -14.84501 139.3564 0.029769 0.530269 -0.028913 0.846813
39.10687 187.3167 -14.89366 139.65 0.029887 0.533262 -0.029384 0.844911
39.21038 187.939 -14.94259 139.942 0.030744 0.536463 -0.030719 0.842804
39.31388 188.564 -14.99292 140.2354 0.03151 0.539895 -0.033323 0.840482
39.41743 189.1978 -15.03908 140.5266 0.032123 0.543358 -0.03513 0.83815
39.5209 189.8399 -15.08795 140.8155 0.032379 0.546633 -0.036465 0.835951
39.6243 190.4965 -15.14579 141.0981 0.033231 0.549982 -0.037492 0.833673
39.72799 191.1667 -15.20551 141.381 0.033233 0.553279 -0.038551 0.831439
39.83129 191.8455 -15.26383 141.6544 0.034939 0.556506 -0.037811 0.829247
39.9348 192.5394 -15.32526 141.9287 0.035276 0.559688 -0.036955 0.827127
40.0383 193.245 -15.38822 142.2045 0.034417 0.563077 -0.035961 0.824904
40.14168 193.9627 -15.45199 142.4808 0.032631 0.566377 -0.035726 0.822725
40.24519 194.6963 -15.51367 142.7543 0.030889 0.569379 -0.03428 0.820779
40.35054 195.46 -15.57305 143.0263 0.030707 0.571969 -0.032133 0.81907
40.45208 196.2138 -15.62684 143.2937 0.028502 0.574421 -0.030376 0.8175
40.55606 196.9859 -15.68196 143.5675 0.026276 0.576921 -0.028564 0.815877
40.66016 197.7721 -15.74033 143.8336 0.028192 0.579003 -0.027086 0.814387
40.76408 198.5592 -15.79846 144.0967 0.032341 0.581076 -0.028728 0.812699
40.86586 199.3386 -15.85428 144.35 0.039716 0.582842 -0.030792 0.81103
40.96936 200.1451 -15.92437 144.6074 0.044764 0.584501 -0.030883 0.809568
41.07276 200.9751 -16.00532 144.8679 0.045218 0.586381 -0.027592 0.808301
41.17682 201.8244 -16.08857 145.1297 0.044296 0.588516 -0.022871 0.806947
41.28276 202.6924 -16.17598 145.3976 0.042793 0.59064 -0.020586 0.805537
41.38511 203.5316 -16.26124 145.6544 0.044101 0.59253 -0.023702 0.803991
41.48677 204.3673 -16.33869 145.908 0.046209 0.594303 -0.027921 0.802427
41.59269 205.2495 -16.42655 146.1719 0.046122 0.596366 -0.030405 0.80081
41.69329 206.1048 -16.51609 146.4228 0.042474 0.598716 -0.029887 0.799276
41.79667 206.9819 -16.6098 146.6776 0.039784 0.601058 -0.029654 0.797663
41.90018 207.8609 -16.69858 146.926 0.039868 0.603303 -0.030597 0.795927
42.00356 208.7471 -16.78439 147.1708 0.041123 0.605283 -0.032324 0.79429
42.10694 209.644 -16.8739 147.4068 0.042438 0.607214 -0.03144 0.792781
42.21032 210.5492 -16.96319 147.6436 0.043529 0.608904 -0.030022 0.791479
42.31383 211.462 -17.05443 147.8807 0.043383 0.610529 -0.029074 0.79027
42.4176 212.3811 -17.14388 148.1148 0.044077 0.611977 -0.028155 0.789144
42.52059 213.3004 -17.23376 148.3482 0.043598 0.613118 -0.027782 0.788298
42.62397 214.2272 -17.32239 148.5829 0.042543 0.614275 -0.027782 0.787455
42.72736 215.1568 -17.41109 148.8145 0.041751 0.615339 -0.027192 0.786687
42.83073 216.0841 -17.50032 149.0489 0.040004 0.616405 -0.028753 0.785887
42.93415 217.0093 -17.58912 149.2778 0.040421 0.617051 -0.029962 0.785313
43.03739 217.9343 -17.67768 149.5044 0.040541 0.617758 -0.030503 0.78473
43.14076 218.8603 -17.76862 149.7262 0.040935 0.618563 -0.030627 0.78407
43.24471 219.7937 -17.85886 149.9499 0.039791 0.619141 -0.029788 0.783705
43.34761 220.7197 -17.94623 150.1656 0.039932 0.61965 -0.028283 0.783352
43.45091 221.6448 -18.03413 150.3821 0.03845 0.620366 -0.026665 0.782915
43.55516 222.5742 -18.12038 150.6004 0.039642 0.620973 -0.02819 0.782321
43.66034 223.5075 -18.20847 150.8144 0.041198 0.621681 -0.029727 0.781621
43.76228 224.4121 -18.29363 151.0218 0.04276 0.622351 -0.031247 0.780945
43.8653 225.3277 -18.38635 151.2317 0.042385 0.623435 -0.031818 0.780077
43.97143 226.2731 -18.4808 151.4464 0.04026 0.624634 -0.031129 0.779258
44.07164 227.1676 -18.56752 151.6432 0.037922 0.625952 -0.029024 0.778398
44.17679 228.1038 -18.65508 151.845 0.036618 0.627486 -0.027596 0.777276
44.27866 229.0056 -18.73661 152.0382 0.036307 0.629041 -0.028321 0.776007
44.38209 229.9189 -18.81652 152.2303 0.036941 0.630681 -0.028873 0.774625
44.48572 230.8378 -18.89376 152.4181 0.036904 0.63219 -0.028941 0.773392
44.58915 231.7587 -18.96992 152.6032 0.03661 0.633903 -0.028784 0.772009
44.69296 232.6895 -19.04112 152.7858 0.036367 0.635502 -0.02821 0.770726
44.79676 233.6155 -19.11494 152.9646 0.03579 0.637047 -0.028431 0.769468
44.89958 234.5305 -19.18701 153.1401 0.035413 0.63863 -0.029258 0.768141
45.00306 235.4493 -19.26118 153.3132 0.034717 0.640158 -0.030345 0.766859
45.10714 236.3787 -19.33366 153.478 0.033588 0.641763 -0.030976 0.765541
45.2099 237.2897 -19.41011 153.6418 0.032186 0.643145 -0.032826 0.764363
45.31346 238.1998 -19.49555 153.8032 0.032076 0.644468 -0.035917 0.763113
45.41689 239.1054 -19.5793 153.959 0.033173 0.645626 -0.038668 0.761952
45.52035 240.0191 -19.66444 154.11 0.033175 0.646916 -0.03979 0.760799
45.62368 240.9342 -19.75257 154.2564 0.031515 0.648246 -0.039474 0.759753
45.72718 241.85 -19.83999 154.3982 0.030169 0.649604 -0.038112 0.758717
45.83055 242.7628 -19.92378 154.5354 0.029196 0.650834 -0.037017 0.757755
45.93394 243.6688 -20.00434 154.6684 0.029269 0.652127 -0.036271 0.756675
46.03744 244.5757 -20.08388 154.7979 0.02951 0.653453 -0.036146 0.755527
46.14084 245.4743 -20.16399 154.9236 0.029917 0.655005 -0.037058 0.754122
46.2442 246.3684 -20.24532 155.0412 0.03066 0.65677 -0.038066 0.752505
46.34774 247.2733 -20.3235 155.1446 0.032549 0.658844 -0.033644 0.750822
46.4511 248.1739 -20.40379 155.2524 0.030601 0.660536 -0.031669 0.749502
46.55447 249.0698 -20.48204 155.3582 0.030835 0.6626 -0.032087 0.74765
46.65798 249.9549 -20.55749 155.4527 0.03679 0.663932 -0.035409 0.746047
46.76138 250.8345 -20.6346 155.5425 0.042498 0.665732 -0.039382 0.743938
46.86495 251.7259 -20.71972 155.6328 0.042588 0.667782 -0.041201 0.741995
46.96825 252.6209 -20.80615 155.7215 0.03848 0.669894 -0.040694 0.740341
47.07177 253.5136 -20.89449 155.8057 0.035058 0.671885 -0.039215 0.738785
47.1752 254.4024 -20.98217 155.8813 0.032972 0.673893 -0.03858 0.737084
47.27852 255.2821 -21.06516 155.9558 0.031347 0.676176 -0.039844 0.734994
47.38204 256.1621 -21.14494 156.0255 0.029075 0.678796 -0.040675 0.732622
47.48546 257.0428 -21.22381 156.0897 0.02609 0.681528 -0.04053 0.730203
47.58892 257.9199 -21.30232 156.1451 0.023882 0.684237 -0.039931 0.727774
47.6923 258.7907 -21.3755 156.1854 0.026184 0.686651 -0.039303 0.725452
47.7958 259.6601 -21.44205 156.224 0.028292 0.688918 -0.040048 0.723179
47.89919 260.527 -21.51116 156.258 0.029822 0.691345 -0.040045 0.720798
48.00263 261.3989 -21.58418 156.2883 0.029162 0.693692 -0.039649 0.718588
48.10595 262.2717 -21.65347 156.3158 0.027593 0.69599 -0.03892 0.716465
48.20933 263.1403 -21.72636 156.3324 0.028211 0.698191 -0.03775 0.714358
48.31278 264.006 -21.79663 156.3451 0.029669 0.70001 -0.037844 0.712513
48.4161 264.8657 -21.86707 156.3569 0.030805 0.701608 -0.039368 0.710807
48.51948 265.7295 -21.94115 156.3616 0.032236 0.702858 -0.038982 0.70953
48.62287 266.5945 -22.0171 156.3599 0.033628 0.703788 -0.036764 0.70866
48.72612 267.4594 -22.09328 156.3596 0.03337 0.704511 -0.035224 0.708033
48.82938 268.3206 -22.16749 156.3531 0.033481 0.70523 -0.033956 0.707373
48.93276 269.1826 -22.2424 156.3491 0.03374 0.705879 -0.03289 0.706764
49.03615 270.0395 -22.31694 156.3437 0.035177 0.706211 -0.03273 0.706369
49.13941 270.8934 -22.39231 156.3409 0.03632 0.706407 -0.032603 0.706121
49.24278 271.7439 -22.46937 156.334 0.038149 0.70624 -0.031916 0.706223
49.34662 272.5882 -22.55275 156.33 0.03915 0.705873 -0.031571 0.706551
49.45221 273.4367 -22.63729 156.3283 0.039728 0.705387 -0.031137 0.707023
49.55303 274.2406 -22.71743 156.3276 0.04036 0.704758 -0.030323 0.707649
49.65658 275.0562 -22.79801 156.3301 0.040295 0.703931 -0.029556 0.708508
49.75958 275.8616 -22.87783 156.3361 0.039821 0.703033 -0.028438 0.709471
49.86354 276.6656 -22.95477 156.3455 0.038783 0.701971 -0.027326 0.710624
49.96633 277.4484 -23.02961 156.3596 0.03751 0.700796 -0.026557 0.71188
50.06933 278.2238 -23.10166 156.3778 0.03619 0.69954 -0.026394 0.713188
50.17272 278.9862 -23.17205 156.4029 0.03476 0.698146 -0.028121 0.714558
50.27612 279.7382 -23.23843 156.4295 0.034313 0.696749 -0.029465 0.715888
50.37934 280.4806 -23.30168 156.455 0.034463 0.695264 -0.029442 0.717323
50.48368 281.2202 -23.36731 156.4848 0.033126 0.693989 -0.028778 0.718647
50.58657 281.9382 -23.43189 156.5202 0.031358 0.692873 -0.028236 0.719824
50.691 282.6515 -23.49597 156.56 0.029421 0.691516 -0.028721 0.721191
50.79343 283.3383 -23.55164 156.5937 0.030826 0.690072 -0.028437 0.722524
50.8962 284.0121 -23.6105 156.634 0.03117 0.68866 -0.028995 0.723834
50.99958 284.6753 -23.6696 156.6761 0.031756 0.68741 -0.029867 0.72496
51.103 285.3276 -23.7268 156.7166 0.032339 0.686252 -0.03102 0.725983
51.20627 285.967 -23.78128 156.7616 0.031263 0.685086 -0.032353 0.727071
51.30966 286.5937 -23.83446 156.8069 0.030712 0.683889 -0.033208 0.728183
51.41361 287.2092 -23.89017 156.8523 0.030649 0.682574 -0.034055 0.729379
51.51692 287.8108 -23.94344 156.8983 0.029551 0.681502 -0.033761 0.73044
51.6223 288.4106 -23.99582 156.9431 0.030218 0.680147 -0.034588 0.731636
51.7234 288.9746 -24.04626 156.9918 0.030061 0.679095 -0.036549 0.732523
51.82676 289.5493 -24.10169 157.0416 0.029411 0.678148 -0.037022 0.733402
51.93013 290.1099 -24.15117 157.0886 0.028707 0.676925 -0.037121 0.734555
52.03354 290.6604 -24.19669 157.1342 0.028399 0.67582 -0.037554 0.735561
52.13691 291.199 -24.24004 157.1804 0.028365 0.674737 -0.037593 0.736554
52.24039 291.7281 -24.28194 157.2288 0.028666 0.673572 -0.038424 0.737565
52.34373 292.2488 -24.32193 157.2772 0.028622 0.672614 -0.038876 0.738417
52.44713 292.7596 -24.36116 157.3242 0.02946 0.671685 -0.038849 0.739231
52.55054 293.2587 -24.40494 157.3722 0.029706 0.670835 -0.039763 0.739944
52.65464 293.7527 -24.44767 157.4213 0.029831 0.670218 -0.040453 0.740461
52.75746 294.2374 -24.49148 157.4678 0.030155 0.669641 -0.041191 0.740928
52.86093 294.7246 -24.53746 157.5174 0.030428 0.669238 -0.041774 0.741248
52.9643 295.2096 -24.58496 157.567 0.030929 0.669199 -0.041681 0.741269
53.0678 295.702 -24.63307 157.617 0.030919 0.669391 -0.042035 0.741075
53.17124 296.1993 -24.67824 157.6689 0.030059 0.669757 -0.042344 0.740763
53.27469 296.7013 -24.72333 157.7197 0.029375 0.670311 -0.042169 0.740298
53.37812 297.209 -24.77055 157.7654 0.030281 0.671031 -0.041835 0.739628
53.48155 297.7199 -24.82169 157.8091 0.032563 0.671718 -0.042057 0.738895
53.58511 298.2403 -24.87488 157.8477 0.035677 0.672296 -0.041441 0.73826
53.6885 298.7679 -24.92374 157.8894 0.038623 0.673075 -0.042304 0.737353
53.79207 299.3114 -24.96956 157.9364 0.039582 0.673896 -0.043895 0.736458
53.89551 299.8664 -25.02054 157.9801 0.039651 0.674682 -0.043911 0.735733
53.99902 300.4328 -25.085 158.0169 0.040205 0.675392 -0.041379 0.735199
54.10239 301.0133 -25.15046 158.0468 0.041188 0.675998 -0.036206 0.73486
54.20594 301.5988 -25.21321 158.0882 0.041583 0.676774 -0.035751 0.734146
54.30943 302.1893 -25.27483 158.1416 0.041248 0.677775 -0.038545 0.733099
54.41274 302.7896 -25.33868 158.193 0.04081 0.678462 -0.040081 0.732405
54.51628 303.4095 -25.40269 158.2314 0.041932 0.678951 -0.03763 0.732019
54.61969 304.0385 -25.46722 158.2678 0.043409 0.679409 -0.035643 0.731607
54.7232 304.6811 -25.53204 158.3096 0.043364 0.68008 -0.03522 0.731006
54.82664 305.3328 -25.59815 158.3588 0.042596 0.680961 -0.037063 0.73014
54.93003 305.9952 -25.66221 158.4057 0.041991 0.681665 -0.038348 0.729451
55.03352 306.6661 -25.72467 158.4467 0.043551 0.682101 -0.039894 0.728869
55.13696 307.3491 -25.79503 158.4838 0.044474 0.682738 -0.040076 0.728206
55.24038 308.0487 -25.86821 158.5319 0.042749 0.683399 -0.041001 0.727638
55.34374 308.7476 -25.94126 158.5802 0.040973 0.684053 -0.041924 0.727073
55.44705 309.4569 -26.01685 158.6244 0.041394 0.684788 -0.042775 0.726307
55.55062 310.1745 -26.09606 158.6611 0.04408 0.685258 -0.043067 0.725688
55.65399 310.8972 -26.1748 158.6982 0.046922 0.685692 -0.044724 0.724999
55.75751 311.6329 -26.25448 158.7386 0.048378 0.686089 -0.04616 0.724438
55.86074 312.3814 -26.34091 158.7711 0.048881 0.68639 -0.043706 0.724272
55.96416 313.1397 -26.43175 158.8018 0.048324 0.686842 -0.039842 0.724103
56.06746 313.9052 -26.52053 158.8338 0.04844 0.687348 -0.037935 0.723717
56.17095 314.6762 -26.60789 158.8676 0.049673 0.687763 -0.037594 0.723257
56.27429 315.4536 -26.69381 158.9033 0.05061 0.68799 -0.03804 0.722953
56.37767 316.2406 -26.78025 158.9387 0.051367 0.688168 -0.037933 0.722736
56.48105 317.0373 -26.87072 158.9755 0.05117 0.688149 -0.037462 0.722793
56.58442 317.8436 -26.96318 159.0134 0.050745 0.687879 -0.036612 0.723123
56.68766 318.6531 -27.05549 159.0532 0.050631 0.687524 -0.036082 0.723495
56.79105 319.4779 -27.14548 159.0967 0.050112 0.687087 -0.035594 0.723971
56.89435 320.3018 -27.23538 159.1401 0.049583 0.686655 -0.035116 0.72444
56.99768 321.1391 -27.32655 159.1855 0.049521 0.685959 -0.034222 0.725146
57.10096 321.9833 -27.4181 159.2317 0.049561 0.685243 -0.033206 0.725867
57.20436 322.8344 -27.50858 159.2816 0.049674 0.684557 -0.032879 0.726521
57.30763 323.6909 -27.59901 159.3323 0.050332 0.683596 -0.032569 0.727394
57.41089 324.5567 -27.68936 159.3854 0.050495 0.682548 -0.031631 0.728407
57.5142 325.435 -27.78207 159.4432 0.050752 0.681519 -0.030712 0.729392
57.61751 326.3133 -27.8748 159.501 0.051009 0.680487 -0.029803 0.730375
57.72078 327.199 -27.96791 159.5617 0.051446 0.67937 -0.029795 0.731383
57.82409 328.0932 -28.06283 159.6224 0.052196 0.678258 -0.029678 0.732367
57.92736 328.9883 -28.15786 159.6885 0.05242 0.677156 -0.030239 0.733347
58.03061 329.888 -28.25775 159.7631 0.05186 0.676114 -0.031571 0.734291
58.1339 330.789 -28.35861 159.8373 0.05175 0.675166 -0.0325 0.73513
58.23724 331.697 -28.45992 159.9145 0.051115 0.674376 -0.03346 0.735857
58.3405 332.6065 -28.5625 159.9925 0.050377 0.673795 -0.033018 0.736459
58.44383 333.518 -28.66639 160.0736 0.049572 0.673166 -0.032076 0.73713
58.54707 334.4313 -28.77189 160.1589 0.048525 0.672742 -0.031142 0.737627
58.65044 335.3462 -28.87348 160.2423 0.049275 0.672335 -0.03077 0.737964
58.75366 336.2589 -28.97212 160.3277 0.050158 0.672004 -0.030718 0.738208
58.85711 337.1754 -29.07108 160.4126 0.050124 0.671755 -0.030847 0.738432
58.96041 338.0878 -29.17312 160.5022 0.048256 0.671753 -0.03106 0.738549
59.06368 338.9981 -29.27516 160.5872 0.046457 0.671742 -0.031359 0.738661
59.16711 339.9061 -29.37509 160.6703 0.04639 0.671611 -0.032388 0.738741
59.27046 340.8083 -29.47693 160.7513 0.046914 0.671558 -0.033004 0.738728
59.37386 341.7122 -29.57782 160.8345 0.046858 0.671455 -0.033203 0.738817
59.47716 342.6161 -29.6802 160.9116 0.046571 0.671435 -0.033949 0.738819
59.58054 343.5205 -29.78018 160.9891 0.046897 0.671384 -0.033926 0.738846
59.68378 344.4236 -29.87756 161.0668 0.046631 0.671258 -0.03398 0.738974
59.78717 345.3276 -29.97769 161.1449 0.04664 0.671204 -0.033229 0.739057
59.89036 346.2235 -30.07709 161.2272 0.046325 0.671074 -0.0337 0.739174
59.99368 347.1167 -30.17753 161.3076 0.047589 0.670996 -0.034897 0.739109
60.09704 348.0099 -30.27574 161.3912 0.049063 0.670584 -0.033878 0.739433
60.20033 348.9065 -30.37548 161.4741 0.0489 0.670216 -0.031901 0.739866
60.30358 349.8059 -30.47413 161.5564 0.048983 0.669559 -0.030348 0.740521
60.40676 350.6977 -30.56953 161.637 0.051761 0.668445 -0.029967 0.741353
60.51003 351.5901 -30.66501 161.7177 0.05454 0.667319 -0.029578 0.742184
60.61329 352.4825 -30.76035 161.7983 0.057392 0.666181 -0.029206 0.743005
60.71668 353.3785 -30.8605 161.884 0.057619 0.665018 -0.027997 0.744075
60.81992 354.2731 -30.96097 161.9694 0.058484 0.663773 -0.027728 0.745128
60.92331 355.17 -31.05569 162.0527 0.059096 0.662562 -0.027823 0.746154
61.02663 356.0658 -31.14982 162.144 0.059706 0.661242 -0.028151 0.747263
61.12994 356.966 -31.24424 162.2399 0.05767 0.659853 -0.026696 0.748702
61.2332 357.8634 -31.34268 162.3464 0.055469 0.658309 -0.026329 0.75024
61.33645 358.7644 -31.43232 162.4482 0.054565 0.656505 -0.026528 0.751878
61.43983 359.6666 -31.52203 162.5502 0.053662 0.654686 -0.026732 0.75352
61.54314 360.5743 -31.60985 162.6543 0.052738 0.65263 -0.026927 0.755359
61.64643 361.4763 -31.69958 162.7695 0.052447 0.650233 -0.027322 0.75743
61.74977 362.3757 -31.79176 162.8963 0.052291 0.647471 -0.028249 0.759769
61.85303 363.2722 -31.88456 163.0348 0.052089 0.644112 -0.029227 0.762595
61.95629 364.1687 -31.97736 163.1733 0.051898 0.640741 -0.030207 0.765405
62.05954 365.0628 -32.07264 163.323 0.051675 0.637055 -0.030801 0.768467
62.16294 365.9547 -32.16864 163.4848 0.051239 0.633417 -0.031189 0.771482
62.26619 366.8412 -32.26554 163.6594 0.050827 0.629737 -0.031721 0.774495
62.36943 367.727 -32.36548 163.8508 0.050115 0.626254 -0.032185 0.77734
62.47279 368.6005 -32.46696 164.049 0.049675 0.622959 -0.032462 0.780001
62.5762 369.4767 -32.56385 164.2602 0.04897 0.620193 -0.032929 0.782226
62.67943 370.3486 -32.65824 164.4754 0.048738 0.617825 -0.033335 0.784095
62.78278 371.22 -32.75253 164.6956 0.0486 0.615741 -0.033978 0.785714
62.88616 372.0932 -32.84871 164.9156 0.048278 0.613877 -0.034036 0.787189
62.98954 372.9644 -32.94965 165.1387 0.048031 0.611995 -0.03438 0.788652
63.09292 373.8419 -33.04904 165.362 0.047999 0.610198 -0.034248 0.790051
63.1962 374.7198 -33.14733 165.5911 0.048201 0.608355 -0.034346 0.791455
63.29956 375.5998 -33.24711 165.8267 0.048073 0.606627 -0.034331 0.792789
63.40281 376.4772 -33.34844 166.0669 0.047477 0.604784 -0.033843 0.794253
63.5062 377.3568 -33.45186 166.3146 0.046447 0.602967 -0.033747 0.795698
63.60946 378.2299 -33.55204 166.5661 0.045722 0.601088 -0.032787 0.7972
63.71284 379.0956 -33.65147 166.8284 0.044939 0.599227 -0.032132 0.798671
63.81609 379.9484 -33.75068 167.0928 0.044459 0.597437 -0.032111 0.800038
63.91945 380.8018 -33.85006 167.3575 0.044011 0.595636 -0.032138 0.801404
64.02262 381.646 -33.94947 167.6218 0.044732 0.593615 -0.033834 0.802792
64.12587 382.4797 -34.05166 167.8984 0.04515 0.591687 -0.035619 0.804114
64.22912 383.3184 -34.15042 168.1718 0.044752 0.589941 -0.036092 0.805397
64.33241 384.1565 -34.24855 168.4494 0.042195 0.588636 -0.035457 0.806517
64.43568 384.9855 -34.34893 168.7309 0.039707 0.587688 -0.035671 0.807325
64.53906 385.8082 -34.44909 169.0139 0.038472 0.587007 -0.037564 0.807794
64.64235 386.6213 -34.54404 169.2932 0.039745 0.586533 -0.039811 0.80797
64.74571 387.4349 -34.639 169.5726 0.041037 0.586056 -0.042071 0.808136
64.84905 388.2465 -34.73778 169.8564 0.040395 0.58584 -0.042734 0.80829
64.95228 389.0518 -34.83651 170.1379 0.03743 0.585842 -0.042361 0.808452
65.05565 389.8585 -34.93537 170.4198 0.034447 0.585831 -0.041987 0.808611
65.15882 390.6508 -35.03121 170.695 0.033172 0.585858 -0.041815 0.808654
65.26212 391.4405 -35.12143 170.9678 0.03328 0.586018 -0.04154 0.808548
65.36548 392.2273 -35.21056 171.2375 0.033851 0.586221 -0.041803 0.808364
65.46878 393.0148 -35.29819 171.5035 0.034169 0.586373 -0.042159 0.808222
65.57196 393.8158 -35.37808 171.7624 0.034977 0.586637 -0.038857 0.808161
65.67541 394.6157 -35.45946 172.0196 0.034946 0.586644 -0.03814 0.808191
65.77866 395.4044 -35.54302 172.2841 0.035459 0.586906 -0.03891 0.807942
65.88197 396.1902 -35.62299 172.539 0.038509 0.586862 -0.039928 0.807784
65.98518 396.9791 -35.70992 172.7964 0.041568 0.586719 -0.040778 0.807694
66.08854 397.7804 -35.79994 173.0637 0.039577 0.587177 -0.04079 0.807461
66.19175 398.5862 -35.89106 173.3316 0.038361 0.587314 -0.039602 0.807479
66.29514 399.394 -35.98738 173.6026 0.038197 0.587431 -0.039944 0.807385
66.3984 400.2054 -36.08162 173.874 0.03875 0.587424 -0.04042 0.80734
66.50371 401.042 -36.17291 174.146 0.040962 0.587218 -0.040732 0.807365
66.60504 401.857 -36.26143 174.4114 0.041649 0.587148 -0.040864 0.807374
66.71206 402.7259 -36.35992 174.6994 0.040956 0.587155 -0.040336 0.807431
66.81153 403.54 -36.4565 174.9704 0.040087 0.587071 -0.039126 0.807595
66.91481 404.3866 -36.55987 175.2516 0.041091 0.586925 -0.038184 0.807696
67.01818 405.2387 -36.65818 175.5298 0.043048 0.586616 -0.036817 0.807882
67.12237 406.0994 -36.76127 175.8119 0.044698 0.586293 -0.035524 0.808084
67.2247 406.9522 -36.86062 176.092 0.044662 0.585866 -0.033884 0.808467
67.32799 407.8104 -36.9606 176.3696 0.04705 0.585212 -0.031761 0.808891
67.43136 408.6653 -37.05716 176.6545 0.04806 0.584651 -0.029924 0.809307
67.53461 409.5217 -37.14867 176.9473 0.046048 0.584582 -0.02976 0.80948
67.63802 410.3808 -37.23727 177.2463 0.042155 0.584617 -0.028753 0.809703
67.74123 411.2375 -37.3234 177.5323 0.041718 0.584264 -0.027781 0.810014
67.84455 412.0933 -37.40675 177.816 0.041659 0.584065 -0.027642 0.810166
67.94774 412.9441 -37.49169 178.0918 0.043423 0.583854 -0.028522 0.810195
68.05117 413.8009 -37.5727 178.3624 0.044682 0.583435 -0.028544 0.810428
68.15489 414.6582 -37.66188 178.6362 0.044851 0.5831 -0.02744 0.810697
68.2577 415.5021 -37.74912 178.9073 0.044188 0.582878 -0.025856 0.810945
68.36101 416.3431 -37.83262 179.1783 0.043516 0.582843 -0.025642 0.811013
68.4643 417.1677 -37.91664 179.4502 0.043176 0.582967 -0.026298 0.810921
68.56775 417.987 -38.00097 179.722 0.043114 0.583089 -0.02659 0.810828
68.67092 418.7969 -38.08222 179.9864 0.042686 0.58333 -0.025317 0.810718
68.77469 419.6091 -38.15827 180.2456 0.041837 0.583751 -0.02425 0.810492
68.87762 420.4007 -38.23307 180.499 0.040941 0.58421 -0.023804 0.810219
68.98102 421.1854 -38.30596 180.7477 0.041233 0.584701 -0.023381 0.809863
69.08425 421.9594 -38.37484 180.9889 0.042723 0.585148 -0.023306 0.809465
69.18764 422.7235 -38.44427 181.2296 0.044414 0.585663 -0.024946 0.808952
69.29096 423.4737 -38.52223 181.472 0.045933 0.58616 -0.026893 0.808445
69.39441 424.2251 -38.60018 181.7147 0.047478 0.586659 -0.028887 0.807925
69.49752 424.9706 -38.6818 181.9531 0.047834 0.587031 -0.029035 0.807628
69.60087 425.7139 -38.76538 182.1916 0.045687 0.58774 -0.028046 0.807272
69.70449 426.4553 -38.84576 182.4274 0.043522 0.588283 -0.026634 0.807044
69.808 427.1913 -38.9186 182.6547 0.043653 0.588593 -0.025648 0.806843
69.91095 427.9167 -38.9893 182.8782 0.044595 0.588833 -0.025252 0.806628
70.01415 428.639 -39.06082 183.1044 0.04556 0.588882 -0.025914 0.806518
70.118 429.3649 -39.13224 183.3307 0.04609 0.588926 -0.026222 0.806445
70.22157 430.0878 -39.20176 183.5566 0.046858 0.588913 -0.025657 0.806429
70.32429 430.8055 -39.26661 183.7827 0.04775 0.58882 -0.025577 0.806447
70.42961 431.5424 -39.32909 184.0151 0.04799 0.588873 -0.025485 0.806397
70.53093 432.2521 -39.38552 184.2421 0.048743 0.588752 -0.026586 0.806404
70.63429 432.9778 -39.44566 184.4755 0.048979 0.588719 -0.026212 0.806427
70.73803 433.7097 -39.51541 184.7061 0.048351 0.58856 -0.02585 0.806592
70.84196 434.4438 -39.58607 184.9369 0.048088 0.58818 -0.024975 0.806913
70.94638 435.1772 -39.6556 185.1676 0.047387 0.587597 -0.024322 0.807398
71.0493 435.8944 -39.72678 185.3968 0.046833 0.586943 -0.023513 0.80793
71.15122 436.5933 -39.80189 185.6247 0.046278 0.586268 -0.023128 0.808463
71.25537 437.295 -39.87998 185.8583 0.046024 0.585443 -0.023886 0.809053
71.35974 437.987 -39.96184 186.0948 0.046021 0.584624 -0.024754 0.80962
71.46215 438.6578 -40.03698 186.322 0.04625 0.583738 -0.025104 0.810235
71.56446 439.3183 -40.11521 186.5498 0.045722 0.582953 -0.025428 0.810819
71.668 439.9765 -40.19335 186.7754 0.044735 0.582442 -0.025499 0.81124
71.77195 440.6294 -40.26688 186.999 0.043625 0.581997 -0.025459 0.811621
71.87471 441.2583 -40.33301 187.2107 0.043525 0.581517 -0.025533 0.811968
71.97787 441.8895 -40.3994 187.4232 0.043426 0.581035 -0.025605 0.812315
72.08441 442.5242 -40.4691 187.6386 0.043563 0.580573 -0.025425 0.812644
72.18472 443.1116 -40.5317 187.8378 0.043661 0.580049 -0.025084 0.813024
72.28802 443.7097 -40.58993 188.0413 0.044013 0.579519 -0.024425 0.813403
72.39408 444.3114 -40.65105 188.2466 0.044061 0.579009 -0.024609 0.813758
72.49511 444.871 -40.71269 188.4403 0.043916 0.57854 -0.02503 0.814086
72.60151 445.4493 -40.77681 188.6415 0.043737 0.578075 -0.025323 0.814417
72.70142 445.9827 -40.83615 188.8272 0.043726 0.577642 -0.025406 0.814722
72.80481 446.5258 -40.89361 189.0156 0.043716 0.57724 -0.025477 0.815005
72.90819 447.0563 -40.94722 189.2012 0.043027 0.576945 -0.025704 0.815244
73.01157 447.5777 -41.00285 189.3847 0.042127 0.5767 -0.025798 0.815461
73.11492 448.0907 -41.0568 189.5643 0.041506 0.576393 -0.025706 0.815713
73.2182 448.5905 -41.11097 189.7399 0.04176 0.576094 -0.025268 0.815925
73.32224 449.0822 -41.16507 189.9127 0.042473 0.575791 -0.025448 0.816097
73.42509 449.5511 -41.22241 190.0814 0.04326 0.575537 -0.026792 0.816191
73.52847 450.015 -41.2784 190.2493 0.043931 0.575233 -0.028138 0.816324
73.6328 450.4737 -41.33399 190.415 0.044701 0.574787 -0.028792 0.816574
73.7353 450.9162 -41.38482 190.5699 0.045721 0.574444 -0.028428 0.816772
73.83863 451.3527 -41.43116 190.7215 0.04613 0.574207 -0.028035 0.816929
73.94201 451.7763 -41.47778 190.8714 0.045379 0.574523 -0.027647 0.816762
74.04538 452.1892 -41.5232 191.0192 0.044146 0.575038 -0.027798 0.816461
74.15073 452.5961 -41.57027 191.1612 0.043671 0.575614 -0.027635 0.816087
74.25233 452.9753 -41.61612 191.2926 0.043432 0.57617 -0.027425 0.815714
74.35566 453.3477 -41.66274 191.4237 0.043403 0.576677 -0.027163 0.815366
74.4591 453.7102 -41.70389 191.5502 0.043086 0.577085 -0.027177 0.815094
74.56249 454.0561 -41.74707 191.6725 0.042898 0.577517 -0.026776 0.814811
74.66589 454.4021 -41.79023 191.7949 0.042709 0.577949 -0.026375 0.814528
74.76928 454.7312 -41.8346 191.9114 0.042612 0.578397 -0.025954 0.814228
74.8728 455.0471 -41.87896 192.029 0.042192 0.578876 -0.026105 0.813905
74.9761 455.3537 -41.9151 192.1421 0.041552 0.57931 -0.026663 0.813611
75.07951 455.6532 -41.94952 192.2468 0.04112 0.57973 -0.027055 0.81332
75.18288 455.9458 -41.97617 192.3442 0.041302 0.580239 -0.026909 0.812953
75.28627 456.2262 -42.00704 192.4409 0.041995 0.580643 -0.026769 0.812633
75.38954 456.5053 -42.03355 192.5337 0.042805 0.580876 -0.026919 0.81242
75.4929 456.7802 -42.06007 192.6304 0.043044 0.581013 -0.027008 0.812306
75.59626 457.0499 -42.08984 192.7285 0.042592 0.580927 -0.027073 0.81239
75.69968 457.3193 -42.1196 192.8262 0.042139 0.580798 -0.027161 0.812503
75.80298 457.5849 -42.14874 192.9215 0.041686 0.580372 -0.027412 0.812822
75.90626 457.8478 -42.17833 193.0158 0.04117 0.579837 -0.027821 0.813216
76.00952 458.1099 -42.20107 193.1115 0.040758 0.579037 -0.028334 0.813789
76.11293 458.3727 -42.22298 193.2069 0.040739 0.577813 -0.028456 0.814655
76.21617 458.6339 -42.24587 193.3069 0.040962 0.575948 -0.028355 0.815967
76.31951 458.8966 -42.27315 193.4109 0.041094 0.573446 -0.028176 0.817727
76.4226 459.1567 -42.30207 193.522 0.041172 0.570163 -0.028654 0.819999
76.52672 459.4284 -42.32982 193.6404 0.041 0.56595 -0.029434 0.822893
76.62892 459.6977 -42.35796 193.7601 0.041172 0.561324 -0.03 0.826027
76.73232 459.9699 -42.38822 193.8837 0.041544 0.556057 -0.029939 0.829565
76.83538 460.2494 -42.41641 194.0183 0.0412 0.5496 -0.030468 0.833855
76.9389 460.5317 -42.44519 194.1659 0.040949 0.54227 -0.031764 0.838604
77.04177 460.8164 -42.46997 194.3198 0.040529 0.534141 -0.033254 0.843768
77.14494 461.0905 -42.49464 194.4719 0.041245 0.525336 -0.03394 0.849217
77.24812 461.3703 -42.52156 194.6318 0.042105 0.516266 -0.034997 0.854677
77.35139 461.6462 -42.55214 194.7973 0.042632 0.506824 -0.035497 0.860263
77.45453 461.9028 -42.58029 194.967 0.041777 0.497179 -0.037824 0.865816
77.55792 462.1586 -42.6007 195.1399 0.04213 0.489925 -0.040272 0.869814
77.66129 462.4096 -42.6202 195.3093 0.041258 0.487447 -0.043781 0.871078
77.76493 462.6558 -42.6418 195.4678 0.040854 0.487809 -0.045001 0.870832
77.86856 462.8996 -42.66193 195.6128 0.040699 0.490081 -0.045699 0.869526
77.97219 463.1354 -42.68335 195.7438 0.040796 0.49481 -0.045777 0.866835
78.07579 463.3755 -42.69452 195.8647 0.041643 0.50141 -0.044831 0.863044
78.17943 463.5862 -42.70011 195.962 0.042784 0.508503 -0.043437 0.858899
78.28303 463.8526 -42.71946 196.0754 0.043971 0.517384 -0.041732 0.853603
78.38678 464.1011 -42.73706 196.1766 0.044432 0.526938 -0.040948 0.847753
78.49035 464.3543 -42.75047 196.2736 0.044565 0.536649 -0.040767 0.841641
78.59392 464.6036 -42.76345 196.3641 0.044288 0.546253 -0.040759 0.835455
78.69763 464.8704 -42.78446 196.4577 0.044165 0.55536 -0.04015 0.829465
78.80095 465.1394 -42.8119 196.5508 0.045172 0.563594 -0.038601 0.823912
78.90433 465.4025 -42.83862 196.6346 0.046509 0.570852 -0.036653 0.818915
79.00771 465.6751 -42.87317 196.7174 0.047253 0.577464 -0.035477 0.814275
79.11422 465.9486 -42.90391 196.7998 0.046865 0.583405 -0.035645 0.810045
79.21494 466.2106 -42.93432 196.8705 0.046296 0.587625 -0.034789 0.807058
79.32229 466.4742 -42.97107 196.9409 0.045432 0.591638 -0.033366 0.804231
79.422 466.714 -43.00329 197.0063 0.045389 0.594308 -0.032637 0.802292
79.52451 466.9526 -43.03319 197.0727 0.045893 0.595153 -0.032297 0.80165
79.63189 467.1914 -43.05471 197.1423 0.046199 0.593969 -0.032375 0.802508
79.73366 467.4097 -43.07618 197.209 0.0465 0.591206 -0.031619 0.804558
79.83367 467.6176 -43.09856 197.2758 0.046802 0.587073 -0.030537 0.807603
79.94011 467.8226 -43.12385 197.3493 0.046044 0.581837 -0.03077 0.811418
80.04483 468.0046 -43.15132 197.427 0.04479 0.575973 -0.033133 0.815568
80.14416 468.1669 -43.18329 197.4971 0.043934 0.570154 -0.035282 0.819603
80.24595 468.3295 -43.20345 197.5723 0.042685 0.563993 -0.036255 0.823878
80.35071 468.491 -43.22371 197.6433 0.041324 0.557498 -0.036097 0.828363
80.45369 468.6283 -43.24139 197.6916 0.043567 0.550739 -0.033906 0.83285
80.55553 468.7634 -43.2591 197.7388 0.045726 0.544023 -0.031674 0.837224
80.65844 468.8842 -43.27329 197.7883 0.049458 0.536569 -0.031145 0.84183
80.76343 468.9924 -43.28474 197.8525 0.049794 0.529337 -0.032617 0.846321
80.86496 469.0948 -43.29185 197.9181 0.046969 0.52291 -0.035588 0.850349
80.97164 469.204 -43.29579 197.9843 0.044446 0.516215 -0.037381 0.854488
81.07167 469.2991 -43.29833 198.0352 0.043298 0.510166 -0.037829 0.858152
81.17486 469.3867 -43.30684 198.0824 0.042996 0.50435 -0.037524 0.861612
81.2781 469.473 -43.31315 198.1348 0.042737 0.498421 -0.037488 0.865069
81.38147 469.5559 -43.31632 198.181 0.042633 0.492829 -0.03752 0.868271
81.48488 469.6341 -43.31351 198.2243 0.042405 0.487544 -0.037004 0.871283
81.58812 469.7087 -43.32229 198.2622 0.041903 0.482788 -0.036178 0.873986
81.69163 469.7717 -43.3356 198.3029 0.041139 0.478963 -0.036976 0.876091
81.79501 469.8181 -43.34418 198.3492 0.039941 0.475026 -0.040104 0.878149
81.90022 469.8578 -43.34935 198.4001 0.038706 0.470139 -0.044787 0.880605
82.00179 469.8944 -43.35196 198.4424 0.038039 0.466899 -0.047866 0.882195
82.10698 469.9367 -43.35745 198.4781 0.037705 0.464338 -0.047529 0.883578
82.20852 469.9846 -43.36013 198.5051 0.037656 0.461032 -0.044706 0.885456
82.31204 470.0301 -43.36564 198.5343 0.037636 0.458463 -0.04199 0.886923
82.41542 470.0664 -43.37479 198.5661 0.037074 0.456455 -0.041367 0.888011
82.51884 470.0932 -43.3869 198.6001 0.035865 0.453602 -0.042991 0.889444
82.62427 470.1173 -43.3898 198.6341 0.034782 0.451098 -0.045339 0.890643
82.72618 470.1424 -43.39187 198.6644 0.034224 0.44938 -0.047167 0.891438
