0.0 -5.551115e-17 0.0 2.220446e-16 0.0 0.0 0.0 1.0
0.1041284 0.001289128 -0.01821616 1.310643 -0.000663 -0.000105 0.000452 1.0
0.2082536 0.0004448326 -0.04203318 2.625299 -0.00093 -0.000276 0.000823 0.999999
0.3125038 0.002037581 -0.06302801 3.94173 -0.000269 -0.000365 0.001707 0.999998
0.4166248 0.002777892 -0.08483761 5.261017 -0.000408 -0.000321 0.001818 0.999998
0.5207548 0.004157928 -0.1014678 6.581638 -0.000821 -0.000257 0.001963 0.999998
0.6250036 0.007571022 -0.1165874 7.908775 -0.001348 -0.000205 0.002752 0.999995
0.7291284 0.008323818 -0.1328035 9.238962 -0.001792 -0.000294 0.002593 0.999995
0.8332524 0.007728339 -0.1497649 10.56963 -0.000935 -0.000428 0.002316 0.999997
0.9375057 0.006780918 -0.1634547 11.90426 0.000392 -0.00048 0.00095 0.999999
1.04163 0.003419395 -0.176748 13.24208 0.000863 -0.00031 -0.000772 0.999999
1.145875 -0.001862182 -0.1959202 14.58048 0.00079 -0.000264 -0.001981 0.999998
1.250003 -0.005851755 -0.2177602 15.93066 0.000437 -0.000192 -0.002595 0.999997
1.354255 -0.004267715 -0.236414 17.28222 -0.000885 1.3e-05 -0.001497 0.999998
1.458401 0.000482789 -0.2537475 18.63469 -0.001999 0.000127 0.000449 0.999998
1.562526 0.005006086 -0.2699101 19.9867 -0.000916 -1.8e-05 0.001819 0.999998
1.666754 0.004134686 -0.2931092 21.34127 0.000277 -0.000117 0.00256 0.999997
1.771007 -0.0007654745 -0.3222297 22.70575 0.001034 0.000212 0.001425 0.999998
1.875129 -0.007369324 -0.3468119 24.0721 0.000383 0.000623 -7.1e-05 1.0
1.979377 -0.009719264 -0.3687424 25.44868 -0.002714 0.000969 -0.000723 0.999996
2.083502 -0.005061181 -0.3871399 26.8203 -0.002732 0.001186 0.000522 0.999995
2.187759 0.001962273 -0.4099385 28.19472 -0.001941 0.000981 0.002668 0.999994
2.291881 0.005281593 -0.4328977 29.57012 -0.000656 0.000994 0.002966 0.999995
2.396132 0.007939024 -0.4591179 30.94984 0.000491 0.001197 0.003089 0.999994
2.500257 0.006827076 -0.4850133 32.33531 0.000695 0.001586 0.001433 0.999997
2.604383 0.008305167 -0.5122367 33.7178 0.001751 0.001783 0.000961 0.999996
2.708628 0.0101734 -0.543116 35.11083 0.001982 0.001748 0.000514 0.999996
2.812757 0.0121194 -0.5746233 36.50789 0.00083 0.001704 0.00048 0.999998
2.916881 0.01511478 -0.5999006 37.90589 3e-05 0.001493 9.5e-05 0.999999
3.021006 0.01696851 -0.6238526 39.30156 0.000188 0.001482 -0.001257 0.999998
3.125256 0.01942949 -0.643712 40.70437 0.000277 0.001551 -0.002525 0.999996
3.229379 0.01916344 -0.6707246 42.111 2e-05 0.001556 -0.003602 0.999992
3.333502 0.02134431 -0.694132 43.51858 -0.00012 0.001421 -0.004154 0.99999
3.437629 0.02622364 -0.7178581 44.92821 8.7e-05 0.001206 -0.00363 0.999993
3.541754 0.03086036 -0.739025 46.34127 0.000401 0.000862 -0.003213 0.999994
3.64588 0.03408031 -0.7610315 47.75704 3.2e-05 0.000381 -0.0029 0.999996
3.750007 0.03359221 -0.7839856 49.17963 -0.000396 -0.000122 -0.003005 0.999995
3.854131 0.03175532 -0.805635 50.60218 -0.000524 -0.000654 -0.003324 0.999994
3.958276 0.02895795 -0.8265408 52.02831 -0.000333 -0.001241 -0.003319 0.999994
4.062383 0.02536977 -0.8453836 53.45716 -0.000971 -0.001798 -0.00344 0.999992
4.166506 0.02082938 -0.8668316 54.88464 -0.001455 -0.002198 -0.002745 0.999993
4.270633 0.0168087 -0.88688 56.3166 -0.001411 -0.002517 -0.001998 0.999994
4.374756 0.0132291 -0.9072442 57.7455 -0.001196 -0.002828 -0.000856 0.999995
4.478884 0.01007535 -0.9249469 59.17365 -0.001417 -0.002866 -0.000183 0.999995
4.583132 0.006524255 -0.9446035 60.60318 -0.001737 -0.00265 0.000423 0.999995
4.687259 0.00276421 -0.9647484 62.02795 -0.002053 -0.002457 0.000934 0.999994
4.791384 -0.001308243 -0.98781 63.45198 -0.001839 -0.002241 0.0019 0.999994
4.895505 -0.002873604 -1.008175 64.87187 -0.001416 -0.002 0.002651 0.999993
4.99963 -0.005953934 -1.0297 66.2894 -0.00113 -0.001677 0.002612 0.999995
5.103758 -0.01002031 -1.050203 67.70311 -0.00116 -0.001275 0.001743 0.999997
5.207869 -0.0193644 -1.076075 69.11593 -0.001826 -0.001034 0.000326 0.999998
5.311998 -0.02702275 -1.097831 70.53 -0.002479 -0.000648 -0.001505 0.999996
5.416245 -0.03513442 -1.118231 71.93978 -0.002755 -0.000274 -0.003329 0.999991
5.520244 -0.0421465 -1.135987 73.33986 -0.002557 5.4e-05 -0.005576 0.999981
5.624505 -0.04677589 -1.153311 74.74245 -0.002313 0.000409 -0.00711 0.999972
5.728633 -0.05327678 -1.177226 76.1445 -0.002179 0.000755 -0.008185 0.999964
5.832639 -0.05458511 -1.197942 77.54079 -0.002244 0.000923 -0.008321 0.999962
5.936757 -0.05287325 -1.218035 78.93496 -0.002326 0.001002 -0.007704 0.999967
6.040889 -0.0495425 -1.236655 80.32545 -0.001849 0.000967 -0.00712 0.999972
6.145012 -0.04883212 -1.258287 81.71095 -0.001786 0.000827 -0.006747 0.999975
6.24901 -0.04838807 -1.278676 83.09721 -0.001921 0.000711 -0.006769 0.999975
6.353135 -0.05269073 -1.300031 84.48367 -0.001662 0.000443 -0.006541 0.999977
6.45726 -0.06072004 -1.320245 85.86562 -0.001841 8.1e-05 -0.006718 0.999976
6.561386 -0.07518042 -1.343695 87.25015 -0.002196 -0.000387 -0.006526 0.999976
6.665511 -0.0843762 -1.362982 88.62909 -0.002724 -0.000954 -0.005463 0.999981
6.769636 -0.09813229 -1.38264 90.00634 -0.003081 -0.001557 -0.004391 0.999984
6.873636 -0.1110475 -1.399781 91.37524 -0.003165 -0.001867 -0.003396 0.999987
6.977759 -0.1283351 -1.418059 92.74128 -0.002826 -0.002102 -0.002749 0.99999
7.081885 -0.1454603 -1.435964 94.10339 -0.002567 -0.00224 -0.002135 0.999992
7.186013 -0.1697048 -1.45619 95.46076 -0.002376 -0.002308 -0.002465 0.999991
7.290011 -0.1913409 -1.476213 96.81382 -0.00203 -0.002249 -0.002365 0.999993
7.394135 -0.2120314 -1.496478 98.16545 -0.001692 -0.002128 -0.002727 0.999993
7.498256 -0.2344056 -1.517683 99.51513 -0.001756 -0.001945 -0.003527 0.99999
7.602386 -0.2485715 -1.534999 100.8603 -0.002443 -0.001823 -0.00376 0.999988
7.706383 -0.2694021 -1.556018 102.2054 -0.003222 -0.001743 -0.004411 0.999984
7.810511 -0.2867601 -1.575247 103.5459 -0.002568 -0.001717 -0.004147 0.999987
7.914632 -0.3053256 -1.596046 104.8845 -0.001247 -0.001674 -0.004085 0.999989
8.018763 -0.3153955 -1.613299 106.2208 -0.000659 -0.001696 -0.003816 0.999991
8.12276 -0.3343086 -1.638432 107.5653 -0.001313 -0.001623 -0.00275 0.999994
8.226883 -0.3508131 -1.661275 108.9064 -0.00237 -0.001317 -0.001568 0.999995
8.331011 -0.3737761 -1.686739 110.2446 -0.002703 -0.000857 -0.000778 0.999996
8.435138 -0.3943149 -1.710102 111.5766 -0.00198 -0.000501 -0.000337 0.999998
8.539282 -0.4137129 -1.733997 112.905 -0.000778 -0.000168 -0.00129 0.999999
8.643387 -0.4219683 -1.753986 114.2286 0.000322 0.000375 -0.002266 0.999997
8.747509 -0.4295899 -1.775004 115.5601 0.000434 0.001082 -0.003785 0.999992
8.851635 -0.4334779 -1.79423 116.893 -0.000654 0.001796 -0.0045 0.999988
8.955763 -0.4334151 -1.811794 118.2274 -0.001874 0.002325 -0.004544 0.999985
9.059886 -0.4306137 -1.825847 119.5613 -0.002223 0.002716 -0.004045 0.999986
9.164012 -0.4334146 -1.846322 120.9045 -0.001848 0.003227 -0.0043 0.999984
9.268135 -0.4472932 -1.880929 122.2684 -0.001612 0.003846 -0.005181 0.999978
9.372259 -0.4560744 -1.91003 123.6242 -0.001426 0.004416 -0.006197 0.99997
9.476392 -0.4622549 -1.940325 124.9835 -0.000891 0.004976 -0.006573 0.999966
9.580513 -0.4641329 -1.966295 126.3371 -0.000609 0.005521 -0.00712 0.999959
9.68464 -0.4708495 -2.006026 127.6925 -0.000474 0.005976 -0.006701 0.99996
9.788784 -0.4718094 -2.038343 129.0496 -0.000866 0.00636 -0.006438 0.999959
9.892888 -0.47428 -2.073189 130.407 -0.001624 0.006779 -0.005956 0.999958
9.99701 -0.4701254 -2.099489 131.7557 -0.001656 0.006939 -0.005458 0.99996
10.10114 -0.4656937 -2.127702 133.1097 -0.001843 0.006928 -0.004419 0.999965
10.20526 -0.4651028 -2.162932 134.4614 -0.002101 0.006767 -0.003586 0.999968
10.30939 -0.4661197 -2.198388 135.8146 -0.001915 0.006497 -0.002831 0.999973
10.41339 -0.4644953 -2.226309 137.1606 -0.001873 0.005871 -0.002035 0.999979
10.51751 -0.4645723 -2.254854 138.5124 -0.002376 0.005336 -0.001409 0.999982
10.62164 -0.4641807 -2.281749 139.8626 -0.002529 0.004827 -0.000626 0.999985
10.72576 -0.4674418 -2.314866 141.2129 -0.002484 0.004177 -0.000253 0.999988
10.82989 -0.4704574 -2.341886 142.5622 -0.002253 0.003551 -0.000123 0.999991
10.93402 -0.474702 -2.367455 143.9099 -0.002003 0.003031 6.7e-05 0.999993
11.03814 -0.4789013 -2.395024 145.2578 -0.001114 0.002538 0.000884 0.999996
11.14227 -0.4813925 -2.426593 146.6011 -0.000389 0.001975 0.003649 0.999991
11.24639 -0.484415 -2.462969 147.9538 -0.001794 0.001414 0.007045 0.999973
11.35052 -0.4832843 -2.489366 149.303 -0.002265 0.000685 0.010865 0.999938
11.45464 -0.4887986 -2.518617 150.6481 -0.001056 8e-05 0.012526 0.999921
11.55878 -0.4979854 -2.545628 151.9917 0.000945 0.000179 0.012567 0.999921
11.66302 -0.5139897 -2.581792 153.3373 0.001829 0.000605 0.010796 0.99994
11.76716 -0.5203405 -2.611885 154.6843 0.001826 0.000982 0.010668 0.999941
11.87126 -0.5188374 -2.641449 156.0329 0.000255 0.001302 0.012031 0.999927
11.97539 -0.510487 -2.666163 157.3829 -0.001365 0.001561 0.014756 0.999889
12.07964 -0.4996047 -2.68915 158.7319 -0.001721 0.001565 0.016833 0.999856
12.18377 -0.4908894 -2.711383 160.0786 -0.001905 0.001537 0.017731 0.99984
12.28789 -0.4848759 -2.73678 161.429 -0.002092 0.001947 0.016954 0.999852
12.39202 -0.4836516 -2.760604 162.7788 -0.001917 0.002551 0.014985 0.999883
12.49626 -0.4767803 -2.787254 164.1295 -0.00072 0.003006 0.013271 0.999907
12.60039 -0.468784 -2.810667 165.4807 -0.000299 0.003379 0.011851 0.999924
12.70452 -0.4599264 -2.835558 166.839 -0.000973 0.003583 0.010848 0.999934
12.80864 -0.449484 -2.861986 168.2 -0.000878 0.003469 0.010028 0.999943
12.91279 -0.4424438 -2.88656 169.5602 0.000326 0.003214 0.009068 0.999954
13.01689 -0.4389717 -2.91424 170.9198 0.001777 0.002954 0.007323 0.999967
13.12114 -0.4111543 -2.932731 172.2841 0.002424 0.002858 0.004874 0.999981
13.22527 -0.388112 -2.960771 173.6528 0.001998 0.003013 0.002578 0.99999
13.32939 -0.3779301 -2.986448 175.0291 0.000756 0.003283 0.000917 0.999994
13.43352 -0.3588782 -3.008539 176.4086 -0.000233 0.003348 0.000738 0.999994
13.53764 -0.3405308 -3.013913 177.7852 -0.000902 0.002957 0.002167 0.999993
13.64177 -0.3214042 -3.022953 179.1607 -0.000829 0.002119 0.003445 0.999991
13.74591 -0.3136545 -3.041123 180.542 0.001223 0.001081 0.003656 0.999992
13.85002 -0.3089995 -3.0621 181.9214 0.003475 0.000327 0.003126 0.999989
13.95415 -0.3140564 -3.088158 183.3098 0.003934 3.5e-05 0.000736 0.999992
14.0584 -0.3186558 -3.114466 184.7039 0.003238 -2.1e-05 -0.001297 0.999994
14.16252 -0.3141305 -3.137555 186.0994 0.001703 0.00012 -0.002152 0.999996
14.26664 -0.3087277 -3.164478 187.4988 0.000615 0.000327 -0.002545 0.999997
14.37077 -0.3089327 -3.193945 188.9003 0.000208 0.000367 -0.002224 0.999997
14.47489 -0.3070211 -3.221858 190.3048 -0.000182 0.000338 -0.001477 0.999999
14.57901 -0.3030042 -3.25053 191.7128 -0.0004 0.000332 -0.000183 1.0
14.68314 -0.3007558 -3.281162 193.1213 -0.000405 0.00052 0.001148 0.999999
14.78729 -0.2979338 -3.314135 194.5397 -0.000885 0.000687 0.002647 0.999996
14.89139 -0.2945301 -3.344375 195.9592 -0.001786 0.000894 0.004683 0.999987
14.99552 -0.2955048 -3.384557 197.3809 -0.001802 0.00101 0.006401 0.999977
15.09964 -0.2998637 -3.419365 198.8011 0.000308 0.001115 0.005472 0.999984
15.20379 -0.3150034 -3.471363 200.2242 0.003113 0.001346 0.002207 0.999992
15.30802 -0.3321987 -3.515079 201.6573 0.003363 0.001942 -0.002462 0.999989
15.41214 -0.3485808 -3.555576 203.0948 0.001246 0.00266 -0.006593 0.999974
15.51627 -0.3518432 -3.580327 204.5325 4.7e-05 0.003045 -0.007331 0.999968
15.62039 -0.3481359 -3.604083 205.9704 7e-05 0.002779 -0.006313 0.999976
15.72452 -0.3438313 -3.628674 207.4183 4.6e-05 0.002195 -0.004768 0.999986
15.82864 -0.342198 -3.650886 208.8679 8.4e-05 0.001633 -0.003528 0.999992
15.93265 -0.3429638 -3.67436 210.3232 0.000522 0.001375 -0.00371 0.999992
16.03677 -0.347951 -3.708945 211.7849 0.000453 0.001322 -0.004432 0.999989
16.1409 -0.3533161 -3.741769 213.2453 -3.7e-05 0.001262 -0.005058 0.999986
16.24502 -0.3575809 -3.778065 214.7142 3.1e-05 0.001144 -0.004764 0.999988
16.34914 -0.3574839 -3.809987 216.1864 0.000732 0.000944 -0.004554 0.999989
16.45327 -0.3559812 -3.837087 217.6615 0.00078 0.000847 -0.004179 0.999991
16.55739 -0.3604882 -3.867619 219.1419 0.000608 0.000623 -0.004355 0.99999
16.66152 -0.3669047 -3.899694 220.6192 0.000881 0.000451 -0.004371 0.99999
16.76565 -0.3711882 -3.93317 222.1053 0.001017 0.000351 -0.004397 0.99999
16.86965 -0.3755068 -3.961696 223.5894 0.000987 0.000179 -0.004946 0.999987
16.97377 -0.3771503 -3.990503 225.0789 0.00119 7e-06 -0.004768 0.999988
17.07789 -0.3787707 -4.017067 226.5691 0.001133 -0.000125 -0.005019 0.999987
17.18203 -0.3785266 -4.048136 228.0602 0.001065 -0.000178 -0.004548 0.999989
17.28614 -0.3786614 -4.075078 229.5511 0.001383 -0.000123 -0.00392 0.999991
17.39027 -0.3766086 -4.099044 231.0454 0.001208 -4e-05 -0.003355 0.999994
17.4944 -0.3745701 -4.124994 232.5421 0.000833 5.9e-05 -0.00256 0.999996
17.59842 -0.3739626 -4.153624 234.0378 0.000616 5.4e-05 -0.002481 0.999997
17.70252 -0.3764692 -4.186333 235.539 0.000695 1.2e-05 -0.002669 0.999996
17.80664 -0.3784077 -4.220226 237.0446 0.001312 0.000122 -0.003014 0.999995
17.91065 -0.3814943 -4.253315 238.5499 0.000915 0.000387 -0.00365 0.999993
18.01477 -0.3829065 -4.285388 240.0603 -0.000297 0.00071 -0.003808 0.999992
18.1189 -0.3820924 -4.315103 241.5712 -0.00049 0.000966 -0.003673 0.999993
18.22302 -0.3818797 -4.347138 243.0873 0.000307 0.001203 -0.003798 0.999992
18.32702 -0.3796393 -4.377646 244.602 0.000989 0.001479 -0.003781 0.999991
18.43115 -0.377078 -4.404696 246.1231 0.000762 0.001634 -0.004296 0.999989
18.53536 -0.3721572 -4.432022 247.6477 0.000292 0.001665 -0.00405 0.99999
18.63942 -0.3683885 -4.458219 249.1682 -7.8e-05 0.001511 -0.00409 0.99999
18.74348 -0.3658944 -4.487063 250.6964 -0.000243 0.001398 -0.004253 0.99999
18.84754 -0.3629857 -4.511301 252.2241 -0.000291 0.001418 -0.004986 0.999987
18.95165 -0.3598899 -4.535745 253.757 -0.000306 0.00152 -0.005476 0.999984
19.05565 -0.3565283 -4.558441 255.2885 -0.000319 0.001464 -0.005776 0.999982
19.15965 -0.3518994 -4.58494 256.823 -0.000478 0.00147 -0.004987 0.999986
19.26377 -0.3474488 -4.611578 258.3612 -0.000929 0.001421 -0.004238 0.99999
19.36787 -0.3407995 -4.637604 259.9003 -0.001437 0.001452 -0.002827 0.999994
19.47178 -0.3346776 -4.662237 261.4352 -0.001047 0.001293 -0.002057 0.999997
19.5759 -0.3291338 -4.686551 262.9731 -0.00034 0.001153 -0.001444 0.999998
19.67991 -0.3253738 -4.715745 264.5113 -0.001243 0.001441 -0.00047 0.999998
19.78402 -0.3249046 -4.748173 266.0572 -0.002506 0.001665 5.8e-05 0.999995
19.88807 -0.3208179 -4.788372 267.5981 -0.002002 0.001732 0.00103 0.999996
19.99213 -0.3173943 -4.824679 269.1377 -0.001234 0.001877 0.001452 0.999996
20.09615 -0.3166024 -4.866052 270.6771 -0.001193 0.002199 0.000966 0.999996
20.20015 -0.3155943 -4.906588 272.2185 -0.001385 0.00274 0.000229 0.999995
20.30427 -0.3140401 -4.950219 273.7649 -0.001178 0.003219 -0.00062 0.999994
20.40827 -0.3112309 -4.987626 275.3072 -0.001135 0.0037 -0.001217 0.999992
20.51231 -0.3114206 -5.039836 276.8535 -0.000956 0.004095 -0.001595 0.99999
20.6164 -0.3062026 -5.082755 278.3952 -0.000655 0.004514 -0.001773 0.999988
20.72042 -0.3011292 -5.134136 279.9451 -0.000424 0.004967 -0.001503 0.999986
20.82452 -0.2897536 -5.172038 281.4958 -0.000505 0.005387 -0.001209 0.999985
20.92869 -0.2764899 -5.210037 283.0498 -0.00116 0.00576 -0.000752 0.999982
21.03278 -0.2599233 -5.24169 284.6005 -0.001368 0.005932 -4.3e-05 0.999981
21.13678 -0.2447296 -5.277598 286.1454 -0.000189 0.005964 0.000288 0.999982
21.24088 -0.2301583 -5.316244 287.6999 0.001096 0.005785 0.000753 0.999982
21.34492 -0.2170805 -5.355148 289.2536 0.001246 0.005364 0.000593 0.999985
21.4489 -0.2045251 -5.390475 290.8103 0.00091 0.005009 0.001396 0.999986
21.5529 -0.1926927 -5.424878 292.3692 0.001216 0.004502 0.001346 0.999988
21.65702 -0.1828271 -5.462578 293.9316 0.001351 0.004222 0.001212 0.999989
21.76102 -0.1753107 -5.502144 295.5007 0.001096 0.003868 0.001191 0.999991
21.86503 -0.1681708 -5.542654 297.0723 0.000943 0.003442 0.001413 0.999993
21.96915 -0.1571664 -5.573209 298.6502 0.000554 0.002925 0.001735 0.999994
22.07317 -0.1498301 -5.605662 300.2367 -0.000231 0.002646 0.000942 0.999996
22.17715 -0.1436567 -5.638056 301.8211 -0.000518 0.002962 0.000678 0.999995
22.28115 -0.1362308 -5.674045 303.413 -0.000254 0.003448 0.00039 0.999994
22.38527 -0.1245796 -5.704927 305.0095 -2.7e-05 0.003638 0.001033 0.999993
22.48927 -0.1113075 -5.740563 306.6086 0.000411 0.003726 0.001894 0.999991
22.59328 -0.1009905 -5.775938 308.2116 0.001381 0.003875 0.00272 0.999988
22.69742 -0.0964999 -5.821106 309.8189 0.001874 0.003876 0.002851 0.999987
22.8014 -0.09324941 -5.863046 311.4331 0.002328 0.002816 0.00258 0.99999
22.9054 -0.09658434 -5.907766 313.0445 0.00212 0.001744 0.002114 0.999994
23.0094 -0.106523 -5.952029 314.6682 0.000542 0.001541 0.001243 0.999998
23.11349 -0.1079811 -5.990688 316.2953 -0.0011 0.001794 0.001857 0.999996
23.21742 -0.1086696 -6.032426 317.9241 -0.001521 0.001899 0.002381 0.999994
23.3214 -0.1058419 -6.068362 319.5525 -0.000864 0.002039 0.003096 0.999993
23.4254 -0.1039698 -6.106845 321.1823 -0.000882 0.002209 0.003481 0.999991
23.52955 -0.1009179 -6.143404 322.8139 -0.001091 0.002308 0.003418 0.999991
23.63355 -0.09883113 -6.185282 324.4397 -0.00099 0.002553 0.003486 0.99999
23.73753 -0.09648438 -6.224088 326.0682 -0.00069 0.002793 0.002764 0.999992
23.84166 -0.09411052 -6.268819 327.6976 -0.000311 0.003128 0.002369 0.999992
23.94565 -0.08496956 -6.305428 329.3242 -0.001208 0.003552 0.002929 0.999989
24.04965 -0.07442718 -6.342113 330.9508 -0.001762 0.003618 0.003377 0.999986
24.15367 -0.06421231 -6.372244 332.5694 -0.001031 0.003465 0.003991 0.999986
24.25778 -0.05844895 -6.413497 334.1893 -0.001084 0.003471 0.003588 0.999987
24.36178 -0.05434961 -6.45078 335.8024 -0.000408 0.003418 0.002392 0.999991
24.46578 -0.04949748 -6.492551 337.4097 0.001747 0.003052 0.001791 0.999992
24.56978 -0.04548042 -6.532188 339.0211 0.001181 0.002616 0.001 0.999995
24.6739 -0.04257007 -6.571397 340.6287 -0.000532 0.002182 0.00073 0.999997
24.7779 -0.03930296 -6.601811 342.2462 -0.002157 0.00165 0.000138 0.999996
24.88203 -0.03681003 -6.628918 343.8528 -0.001528 0.001046 -0.000105 0.999998
24.98602 -0.03514659 -6.652782 345.4525 -0.000509 0.000136 0.000222 1.0
25.09017 -0.0345479 -6.677644 347.0554 -0.001291 -0.000812 0.000721 0.999999
25.19415 -0.03707175 -6.708152 348.6551 -0.001725 -0.00131 0.001534 0.999996
25.29828 -0.04156332 -6.737239 350.2532 -0.001248 -0.001527 0.001673 0.999997
25.4024 -0.05261018 -6.773059 351.8478 -0.000798 -0.001635 0.002004 0.999996
25.50653 -0.06277075 -6.805862 353.4464 -0.000826 -0.001645 0.002037 0.999996
25.61054 -0.07506606 -6.843564 355.0379 -0.000739 -0.00163 0.002284 0.999996
25.71465 -0.08570356 -6.882552 356.6308 -0.000438 -0.001646 0.002609 0.999995
25.81865 -0.09729989 -6.921763 358.2218 -0.000108 -0.001709 0.002701 0.999995
25.92278 -0.1091014 -6.958715 359.8125 -0.000286 -0.001672 0.002949 0.999994
26.02698 -0.1223014 -6.995935 361.4037 0.000215 -0.001635 0.002734 0.999995
26.1309 -0.1322206 -7.034017 362.989 0.000826 -0.001603 0.003494 0.999992
26.23505 -0.1419952 -7.072717 364.5867 8.5e-05 -0.001542 0.004172 0.99999
26.33915 -0.1552999 -7.112398 366.1838 -0.000492 -0.001605 0.005004 0.999986
26.44329 -0.1668615 -7.146884 367.7811 -0.000143 -0.001581 0.005279 0.999985
26.5478 -0.1858911 -7.18829 369.3866 0.000295 -0.001394 0.004722 0.999988
26.65141 -0.2029185 -7.225081 370.9753 -0.000332 -0.001153 0.003718 0.999992
26.75793 -0.2229981 -7.26884 372.6154 -0.00048 -0.000901 0.003051 0.999995
26.86258 -0.2378134 -7.306808 374.2253 -0.000354 -0.000717 0.002849 0.999996
26.96366 -0.2519893 -7.344936 375.7811 4.4e-05 -0.0006 0.00294 0.999995
27.06782 -0.2625878 -7.379336 377.3873 0.000167 -0.000459 0.002859 0.999996
27.17192 -0.2704012 -7.414418 378.9929 0.000194 -0.000347 0.002668 0.999996
27.27606 -0.2783585 -7.448411 380.6071 0.000135 -0.000191 0.002092 0.999998
27.38014 -0.2877925 -7.485057 382.2202 -0.000226 -2.8e-05 0.001446 0.999999
27.4847 -0.2960866 -7.522079 383.8408 8.1e-05 0.000106 0.000869 1.0
27.58841 -0.3039652 -7.558709 385.4512 0.000374 0.00024 0.000437 1.0
27.69253 -0.3110174 -7.596748 387.0678 0.000326 0.000404 6.4e-05 1.0
27.79654 -0.3164538 -7.631598 388.6857 -0.000133 0.00053 -0.000558 1.0
27.90067 -0.3206582 -7.664429 390.3059 -0.000492 0.000726 -0.001121 0.999999
28.00523 -0.3238003 -7.696195 391.9359 -0.000159 0.00092 -0.001452 0.999999
28.10894 -0.3237896 -7.731691 393.5579 -0.000231 0.001046 -0.001463 0.999998
